-0.283357	-0.0764109	-0.357702	0.0496696	-0.150945	-0.0263648	-0.102217
-0.282929	-0.076098	-0.358804	0.049787	-0.15142	-0.0266718	-0.101935
-0.282127	-0.0754731	-0.361665	0.0502062	-0.152097	-0.0278483	-0.101688
-0.282174	-0.0751848	-0.367606	0.0502842	-0.154938	-0.0285757	-0.0992882
-0.283445	-0.0737066	-0.376549	0.0478759	-0.159832	-0.0293946	-0.0928772
-0.284131	-0.0683629	-0.389616	0.0442065	-0.16193	-0.0339428	-0.0841464
-0.284608	-0.0573524	-0.407536	0.0399218	-0.161915	-0.0430549	-0.0739194
-0.285843	-0.0411724	-0.432631	0.0361491	-0.161494	-0.0547278	-0.0611343
-0.287858	-0.0179274	-0.464211	0.0338188	-0.162035	-0.0684812	-0.0475387
-0.290108	0.0118951	-0.503091	0.0336736	-0.165781	-0.0846134	-0.0344333
-0.292499	0.0472238	-0.547788	0.0361468	-0.169271	-0.106152	-0.0233904
-0.29291	0.0861536	-0.596782	0.0392617	-0.167692	-0.138767	-0.0151504
-0.287329	0.127419	-0.64127	0.0393234	-0.158867	-0.183467	-0.00961105
-0.271456	0.169421	-0.683368	0.0360494	-0.140133	-0.248956	-0.0119168
-0.249231	0.207476	-0.719671	0.0290633	-0.112506	-0.328176	-0.0208206
-0.23091	0.240161	-0.745878	0.0178037	-0.0777256	-0.407531	-0.0292671
-0.208936	0.267859	-0.765892	0.0001949	-0.0266439	-0.499874	-0.0404265
-0.178684	0.288839	-0.778958	-0.0250873	0.0370989	-0.608031	-0.0565586
-0.142016	0.300708	-0.788406	-0.0559824	0.108498	-0.726463	-0.0775049
-0.104284	0.301979	-0.793061	-0.0867645	0.185439	-0.850975	-0.102912
-0.0657683	0.291127	-0.791899	-0.117248	0.266675	-0.979415	-0.130744
-0.0275329	0.270138	-0.784768	-0.147364	0.348288	-1.10602	-0.159813
0.0107657	0.239919	-0.77348	-0.173662	0.425759	-1.22775	-0.191389
0.0489161	0.203138	-0.758687	-0.192391	0.500643	-1.34561	-0.22838
0.0846064	0.160978	-0.739997	-0.204072	0.573245	-1.45922	-0.271434
0.11749	0.116001	-0.721356	-0.207303	0.646384	-1.56962	-0.320149
0.148885	0.0697908	-0.705491	-0.201802	0.716568	-1.67589	-0.373536
0.178726	0.0233403	-0.695581	-0.185075	0.783332	-1.77971	-0.432862
0.20806	-0.0207147	-0.696018	-0.157987	0.849508	-1.88249	-0.498392
0.238832	-0.0621506	-0.704103	-0.126563	0.913903	-1.98132	-0.564236
0.268683	-0.102393	-0.71602	-0.0929962	0.977078	-2.07528	-0.627074
0.299013	-0.141883	-0.730569	-0.0596298	1.03757	-2.16498	-0.686
0.329195	-0.177657	-0.742983	-0.0312419	1.09774	-2.24992	-0.737702
0.351021	-0.212077	-0.751329	-0.00997477	1.15599	-2.33162	-0.781183
0.364793	-0.236306	-0.752062	0.00689211	1.19921	-2.38943	-0.812019
0.373085	-0.250533	-0.743159	0.0177046	1.22077	-2.41155	-0.829846
0.379232	-0.262379	-0.731129	0.0203713	1.22731	-2.41147	-0.834357
0.387307	-0.269339	-0.722138	0.0189038	1.21001	-2.38448	-0.822013
0.385645	-0.272915	-0.719087	0.0112362	1.17461	-2.34068	-0.795343
0.365452	-0.271649	-0.718415	-0.00139526	1.13566	-2.29284	-0.76452
0.338071	-0.261773	-0.719206	-0.0190222	1.09509	-2.24202	-0.730626
0.313659	-0.241658	-0.721565	-0.0438669	1.05254	-2.18607	-0.692011
0.280975	-0.213609	-0.728386	-0.0663106	1.00567	-2.12516	-0.653618
0.242872	-0.183029	-0.73512	-0.088397	0.953118	-2.06265	-0.613953
0.211177	-0.147224	-0.743158	-0.114569	0.89694	-1.99884	-0.57139
0.175672	-0.104382	-0.74936	-0.138976	0.84118	-1.93102	-0.528562
0.134264	-0.0595045	-0.756165	-0.161082	0.781081	-1.85753	-0.483109
0.0997069	-0.0118463	-0.760176	-0.185621	0.721542	-1.78025	-0.433956
0.0708297	0.0402727	-0.760767	-0.20739	0.665057	-1.69942	-0.385833
0.0416117	0.0923709	-0.759802	-0.222579	0.610739	-1.6156	-0.340359
0.0151953	0.145603	-0.758691	-0.231326	0.558412	-1.52773	-0.298555
-0.00763508	0.200033	-0.756865	-0.232536	0.507365	-1.43415	-0.26294
-0.0290273	0.253755	-0.753147	-0.223019	0.456102	-1.33302	-0.234708
-0.051728	0.302658	-0.746884	-0.204076	0.403017	-1.22375	-0.212289
-0.0793068	0.344626	-0.73505	-0.178482	0.345555	-1.10626	-0.195492
-0.110916	0.378356	-0.719097	-0.149078	0.282419	-0.979541	-0.179524
-0.146927	0.403832	-0.698943	-0.118014	0.218549	-0.847359	-0.161535
-0.186144	0.421475	-0.676537	-0.0876015	0.159084	-0.71819	-0.143276
-0.224949	0.429021	-0.651882	-0.0574303	0.104056	-0.595281	-0.125605
-0.25974	0.429056	-0.630393	-0.0249828	0.0574162	-0.481953	-0.111354
-0.293634	0.419678	-0.607001	0.00842436	0.017108	-0.379814	-0.102485
-0.323014	0.404758	-0.585513	0.04311	-0.0113368	-0.292942	-0.102761
-0.341984	0.383558	-0.560991	0.0732877	-0.02592	-0.223173	-0.110198
-0.357382	0.3583	-0.533699	0.0951113	-0.033811	-0.165716	-0.120925
-0.365508	0.331194	-0.506584	0.106128	-0.0350871	-0.125277	-0.131805
-0.364073	0.298525	-0.484044	0.10881	-0.031022	-0.102884	-0.140964
-0.360185	0.257508	-0.461756	0.104302	-0.0318848	-0.083625	-0.140834
-0.353762	0.215848	-0.43986	0.0999897	-0.029229	-0.0727759	-0.138454
-0.346468	0.178895	-0.420992	0.0938161	-0.0268475	-0.0607423	-0.130594
-0.337038	0.146644	-0.406687	0.0894479	-0.0270982	-0.0493296	-0.125062
