-0.230809	-0.13477	-0.403501	0.0973167	-0.187673	-0.0281889	-0.115356
-0.229754	-0.130488	-0.403925	0.0981964	-0.183778	-0.0311235	-0.117408
-0.22754	-0.128298	-0.406868	0.0986393	-0.181475	-0.0374188	-0.119647
-0.226136	-0.127274	-0.412241	0.0983945	-0.175375	-0.0504045	-0.120588
-0.22336	-0.124327	-0.42227	0.0951811	-0.167666	-0.067942	-0.118427
-0.221112	-0.116817	-0.439973	0.0913888	-0.16073	-0.0851563	-0.111073
-0.220222	-0.103418	-0.467457	0.0875431	-0.153993	-0.103434	-0.0969268
-0.217231	-0.0808726	-0.50635	0.0853467	-0.149882	-0.125509	-0.0816237
-0.216095	-0.0478349	-0.555472	0.082791	-0.148879	-0.153527	-0.0651557
-0.212369	-0.00539833	-0.616778	0.0795637	-0.150353	-0.195041	-0.0527859
-0.206112	0.0436828	-0.683549	0.0733096	-0.141776	-0.262432	-0.0454629
-0.190905	0.0980009	-0.742809	0.0611872	-0.118884	-0.359228	-0.0477659
-0.177797	0.157822	-0.786819	0.0465512	-0.0890513	-0.457281	-0.0545047
-0.164562	0.214059	-0.818904	0.0257434	-0.0475809	-0.560574	-0.0651848
-0.141981	0.259921	-0.836329	-0.00446073	0.013429	-0.68039	-0.0832817
-0.110804	0.288559	-0.845897	-0.044446	0.0868118	-0.814824	-0.106349
-0.0773676	0.29292	-0.84604	-0.0895981	0.175362	-0.965568	-0.1323
-0.0448591	0.273024	-0.839145	-0.137218	0.266774	-1.12145	-0.162068
-0.0152714	0.231777	-0.822006	-0.185307	0.35835	-1.27549	-0.196365
0.00605971	0.175252	-0.794386	-0.222274	0.450885	-1.4199	-0.237333
0.0215964	0.107706	-0.759308	-0.245972	0.541432	-1.55665	-0.289625
0.0294776	0.033483	-0.719917	-0.251993	0.632213	-1.69368	-0.360034
0.0457757	-0.0389622	-0.696497	-0.237634	0.72613	-1.83968	-0.452416
0.0713499	-0.103409	-0.689152	-0.205356	0.833484	-2.00066	-0.564198
0.114423	-0.168121	-0.706217	-0.166835	0.940324	-2.17217	-0.676989
0.167304	-0.228575	-0.727251	-0.140582	1.05971	-2.35666	-0.775657
0.188194	-0.26801	-0.737113	-0.137429	1.13885	-2.48191	-0.825446
0.174928	-0.277808	-0.729364	-0.124517	1.185	-2.52144	-0.837683
0.17042	-0.270002	-0.728022	-0.108446	1.1882	-2.50647	-0.8333
0.173127	-0.255497	-0.728341	-0.113137	1.13422	-2.42848	-0.787802
0.158657	-0.228372	-0.722321	-0.121253	1.07785	-2.33446	-0.731346
0.135803	-0.184587	-0.724093	-0.132168	1.0043	-2.2229	-0.670655
0.116854	-0.126385	-0.729703	-0.141919	0.931923	-2.10395	-0.605719
0.0908317	-0.0601067	-0.739617	-0.15495	0.854162	-1.98193	-0.537438
0.0530165	0.00830203	-0.749966	-0.169491	0.768419	-1.8511	-0.458997
0.013835	0.0726516	-0.759195	-0.189481	0.688198	-1.72428	-0.375664
-0.0272706	0.137376	-0.766747	-0.210505	0.609599	-1.60213	-0.298887
-0.0625577	0.199656	-0.776284	-0.218522	0.534676	-1.48613	-0.23927
-0.0856867	0.263637	-0.78247	-0.211832	0.472591	-1.37435	-0.200662
-0.106356	0.325468	-0.782832	-0.19162	0.410003	-1.25547	-0.179531
-0.132195	0.377675	-0.777566	-0.160026	0.343138	-1.12429	-0.165989
-0.16636	0.414939	-0.761703	-0.124221	0.274096	-0.980843	-0.151767
-0.207451	0.437641	-0.738084	-0.0886185	0.199968	-0.826512	-0.131833
-0.247802	0.444723	-0.708979	-0.0527322	0.133682	-0.677074	-0.109935
-0.284048	0.434429	-0.681022	-0.0190227	0.0737776	-0.543825	-0.0925375
-0.31038	0.408163	-0.652972	0.016469	0.0257627	-0.430519	-0.083551
-0.325115	0.373206	-0.623421	0.0503142	-0.00656624	-0.338779	-0.0895003
-0.336746	0.327471	-0.591042	0.0782123	-0.0300649	-0.269856	-0.107487
-0.333235	0.276885	-0.553698	0.0959286	-0.0385696	-0.223417	-0.127936
-0.322738	0.220443	-0.519551	0.106018	-0.0332228	-0.199695	-0.146423
-0.311426	0.16109	-0.4872	0.108294	-0.025767	-0.184772	-0.155062
-0.304539	0.105252	-0.459033	0.108479	-0.0268392	-0.165139	-0.155022
-0.295384	0.0520939	-0.431202	0.106268	-0.0412025	-0.138278	-0.150446
-0.282977	0.00327465	-0.407796	0.109644	-0.0620149	-0.112485	-0.153647
-0.273583	-0.0403392	-0.386192	0.117205	-0.0791125	-0.0932752	-0.159787
-0.268944	-0.0789797	-0.364659	0.121452	-0.09904	-0.0795701	-0.166968
-0.269421	-0.113461	-0.348969	0.125488	-0.121117	-0.0727814	-0.177051
-0.275193	-0.145181	-0.342159	0.125168	-0.143653	-0.0729351	-0.18766
-0.282881	-0.173455	-0.337589	0.124206	-0.169106	-0.0705871	-0.19725
-0.281506	-0.191889	-0.334113	0.126418	-0.188164	-0.0638826	-0.206428
-0.271705	-0.199675	-0.333352	0.13134	-0.198782	-0.0507031	-0.209796
-0.258602	-0.20307	-0.337457	0.140096	-0.206278	-0.0330974	-0.207086
-0.244228	-0.198237	-0.346286	0.149111	-0.209212	-0.0150794	-0.201748
-0.230587	-0.193249	-0.350351	0.1555	-0.210508	0.00217968	-0.192288
-0.219488	-0.185857	-0.359727	0.159684	-0.212879	0.0149744	-0.182802
-0.210963	-0.177739	-0.3723	0.161716	-0.214257	0.0216039	-0.173015
-0.20566	-0.168321	-0.385708	0.160948	-0.213756	0.024067	-0.163079
-0.203264	-0.158029	-0.3973	0.158083	-0.210534	0.0240236	-0.153697
-0.202567	-0.147572	-0.408355	0.155384	-0.21151	0.0260565	-0.146946
-0.203135	-0.13704	-0.418332	0.153986	-0.21602	0.0297563	-0.142261
