-0.00395023	0.498495	-0.0275638	0.0328386	0.0439199	0.0243007	0.10162	-0.0561857	-0.163221	-0.0832795	0.0496211	-0.036699	-0.129016	0.0912322	0.0343104
-0.00275054	0.501826	-0.0274516	0.0319136	0.0439043	0.0236993	0.101736	-0.0574341	-0.162952	-0.0807696	0.0512684	-0.0344205	-0.128288	0.0894604	0.0339629
-0.00129124	0.504499	-0.0270254	0.0301703	0.0438993	0.0231638	0.10203	-0.0582808	-0.162247	-0.0780341	0.0525168	-0.032109	-0.127543	0.0870909	0.0338758
0.000139461	0.506557	-0.0264479	0.0286315	0.0439086	0.0224082	0.10235	-0.0590248	-0.16117	-0.0752051	0.0532194	-0.0302267	-0.126819	0.0853249	0.0338355
0.00144362	0.508024	-0.0258568	0.0277159	0.0439235	0.0215179	0.10271	-0.0598153	-0.160064	-0.0724397	0.0537078	-0.0288813	-0.126279	0.0845129	0.0337718
0.00283415	0.508798	-0.025383	0.0271969	0.0439212	0.02055	0.103045	-0.0604018	-0.15904	-0.0698176	0.0539234	-0.0278873	-0.125832	0.0843657	0.0336287
0.00382394	0.508809	-0.0256006	0.0261492	0.0438352	0.0200041	0.103286	-0.0605023	-0.158508	-0.0672788	0.0543045	-0.0267962	-0.125894	0.0833227	0.0333676
0.0041966	0.508704	-0.026517	0.025806	0.043705	0.0199309	0.103329	-0.0605315	-0.159158	-0.0659159	0.0551835	-0.0261472	-0.126336	0.0827646	0.032891
0.0043276	0.508554	-0.0274297	0.0254827	0.0438375	0.0203765	0.103455	-0.0602551	-0.160514	-0.0659324	0.0563365	-0.0258133	-0.126887	0.0822316	0.0325445
0.00397613	0.507546	-0.028682	0.0252757	0.044103	0.0213475	0.103275	-0.0601129	-0.162399	-0.0669208	0.0577545	-0.0255648	-0.127403	0.081474	0.0319555
0.00372071	0.506445	-0.0294516	0.0249081	0.0444869	0.0223508	0.103006	-0.059847	-0.163932	-0.0683412	0.0584994	-0.0253223	-0.127638	0.080787	0.0316091
0.00342746	0.505194	-0.0298906	0.02438	0.0447012	0.0233646	0.102821	-0.0592857	-0.165073	-0.0700019	0.0588337	-0.0252347	-0.127727	0.0800713	0.0317
0.00320049	0.503798	-0.0300166	0.0238582	0.0449018	0.0242232	0.102879	-0.0583547	-0.165727	-0.0717458	0.0587656	-0.0253694	-0.12769	0.0795337	0.0321673
0.00311283	0.501918	-0.0300344	0.0236136	0.0450203	0.0249855	0.103017	-0.0574866	-0.166278	-0.0734504	0.0587396	-0.0255868	-0.127501	0.0793224	0.0326913
0.00292138	0.499809	-0.0301485	0.0238578	0.0449538	0.0255259	0.103237	-0.0563826	-0.166563	-0.075145	0.0585917	-0.0259837	-0.127264	0.079378	0.0332819
0.00256605	0.497784	-0.0303043	0.02423	0.0446696	0.0259771	0.103536	-0.0549687	-0.166713	-0.0768026	0.0581832	-0.0265759	-0.127249	0.0795387	0.0340281
0.00197338	0.495796	-0.0302736	0.0246283	0.044523	0.0264513	0.103828	-0.053567	-0.166791	-0.0787111	0.0574596	-0.0274545	-0.127313	0.079837	0.0347597
0.000984862	0.493667	-0.0304553	0.0253879	0.0443672	0.0269553	0.103996	-0.0520905	-0.166875	-0.0809889	0.0566029	-0.0285139	-0.127467	0.0803002	0.0353671
-0.00033503	0.491675	-0.0308206	0.0267661	0.0441826	0.027624	0.104009	-0.0507814	-0.16742	-0.0838581	0.0558155	-0.0299036	-0.127763	0.0814651	0.0358237
-0.0017679	0.489971	-0.031218	0.0283561	0.0440199	0.0284193	0.104001	-0.0494434	-0.168266	-0.0871996	0.0550597	-0.0315004	-0.128086	0.0829178	0.0362428
-0.00354859	0.488152	-0.031883	0.0297704	0.0437905	0.0293936	0.103815	-0.0480693	-0.169248	-0.0906243	0.0543322	-0.0330516	-0.12856	0.0839376	0.036497
-0.0055202	0.486775	-0.0327852	0.0318533	0.0433188	0.0302463	0.103654	-0.04654	-0.170409	-0.0943435	0.0536268	-0.0349446	-0.129148	0.0855281	0.0367656
-0.00734082	0.485583	-0.0337061	0.0338096	0.0427736	0.031184	0.103547	-0.044925	-0.171715	-0.0981197	0.0531372	-0.0366298	-0.129616	0.0868522	0.0370197
-0.009161	0.484101	-0.0347336	0.0353665	0.0421182	0.0322121	0.103471	-0.0430672	-0.17291	-0.101815	0.0528682	-0.0380221	-0.129971	0.0873206	0.0373078
-0.0106072	0.482706	-0.035658	0.0366366	0.0412528	0.0330238	0.103641	-0.0408301	-0.173668	-0.105	0.0525679	-0.0391691	-0.130267	0.0873666	0.0378905
-0.0119303	0.481506	-0.0365318	0.0381904	0.040135	0.0336396	0.104037	-0.0384307	-0.174276	-0.108136	0.0523578	-0.040354	-0.13042	0.087577	0.0387701
-0.0129902	0.480095	-0.0371768	0.0396283	0.0390009	0.0341469	0.104458	-0.0361214	-0.174625	-0.111017	0.0521797	-0.0413476	-0.13031	0.0876371	0.039732
-0.0135728	0.478334	-0.0375542	0.0407057	0.0379322	0.03452	0.104973	-0.0339122	-0.174709	-0.113421	0.0519754	-0.042108	-0.130006	0.087566	0.0408104
-0.0140112	0.476715	-0.0377823	0.041917	0.0368114	0.034633	0.105551	-0.0318402	-0.174369	-0.115414	0.0516631	-0.042841	-0.129567	0.0876471	0.0419626
-0.014123	0.475335	-0.0376587	0.0428389	0.0357963	0.0345399	0.10623	-0.0297771	-0.173677	-0.116949	0.0510798	-0.0435424	-0.129159	0.0877895	0.043223
-0.0139943	0.474415	-0.0372313	0.0435206	0.034914	0.0344171	0.106954	-0.0277573	-0.172886	-0.118417	0.0502058	-0.044324	-0.128772	0.0880555	0.0444832
-0.0149168	0.474019	-0.0371614	0.0449213	0.033791	0.0342603	0.107364	-0.0257524	-0.172058	-0.120298	0.0489768	-0.0455677	-0.128679	0.0886572	0.0455677
-0.0163167	0.474083	-0.0373366	0.0470481	0.0325772	0.0339736	0.107662	-0.0237093	-0.17134	-0.122363	0.0476886	-0.0471478	-0.128847	0.0897758	0.0464793
-0.0183137	0.474485	-0.0377211	0.0492593	0.0313948	0.0337888	0.107846	-0.0215806	-0.170773	-0.124585	0.0462616	-0.0489828	-0.129392	0.0908605	0.0472435
-0.0210045	0.475032	-0.0384122	0.0524895	0.0302236	0.0334333	0.107725	-0.0197922	-0.170293	-0.127122	0.0447395	-0.0513125	-0.130033	0.0928498	0.0476456
-0.023677	0.475199	-0.0389478	0.0559884	0.0292572	0.0329049	0.107344	-0.018563	-0.169743	-0.12944	0.0430694	-0.0538599	-0.13059	0.095451	0.0477564
-0.0265288	0.474686	-0.0394797	0.0597505	0.0285538	0.0322904	0.106696	-0.0178934	-0.169131	-0.131513	0.0413781	-0.0566787	-0.131183	0.0985264	0.0475413
-0.0290645	0.473656	-0.039878	0.0634117	0.0281394	0.0315326	0.10617	-0.0175295	-0.168427	-0.133166	0.0398759	-0.0596286	-0.131827	0.101853	0.0472547
-0.0316643	0.472314	-0.0402309	0.067486	0.0277937	0.0308	0.105478	-0.01773	-0.167873	-0.134873	0.0386499	-0.0627305	-0.132365	0.105686	0.0467694
-0.0337245	0.470757	-0.0405349	0.0710341	0.0274411	0.0302271	0.104959	-0.0176799	-0.167465	-0.136593	0.0377462	-0.0654041	-0.132698	0.108966	0.046465
-0.0351849	0.468927	-0.0411001	0.0730853	0.0270057	0.0302712	0.104775	-0.0170463	-0.167716	-0.138334	0.0376243	-0.0670665	-0.13301	0.110333	0.0464385
-0.0360149	0.467325	-0.0418316	0.0740968	0.0264426	0.0308406	0.104805	-0.0158393	-0.168587	-0.140605	0.0379492	-0.0677649	-0.132992	0.110236	0.0466175
-0.0364004	0.466203	-0.0427191	0.073915	0.0257682	0.0318443	0.105253	-0.0137603	-0.169871	-0.143401	0.0386057	-0.0675665	-0.132772	0.10834	0.0472088
-0.0369026	0.465098	-0.0435971	0.0738507	0.0250646	0.0327741	0.105654	-0.0115463	-0.170977	-0.146423	0.0390379	-0.0673384	-0.132446	0.106418	0.0478567
-0.037104	0.464299	-0.0439294	0.0742483	0.0244363	0.0332116	0.105969	-0.00981016	-0.17152	-0.148792	0.0388681	-0.0674835	-0.132106	0.105717	0.0484909
-0.0370227	0.463422	-0.0437139	0.0747972	0.0240932	0.0330886	0.106381	-0.00849297	-0.171231	-0.150103	0.038008	-0.0681495	-0.131904	0.106065	0.0490868
-0.0372481	0.462651	-0.0434529	0.0755514	0.0239075	0.0325604	0.106838	-0.00731245	-0.170332	-0.150532	0.0367085	-0.0692221	-0.132126	0.106972	0.0495465
-0.0375559	0.461931	-0.0430028	0.0759562	0.0239501	0.0319101	0.107216	-0.00633467	-0.169108	-0.150308	0.034971	-0.0704224	-0.132652	0.107945	0.0497794
-0.0380064	0.4613	-0.0426149	0.0768011	0.0240139	0.0311177	0.10724	-0.00572329	-0.167882	-0.150115	0.0330599	-0.0716966	-0.133015	0.109346	0.0497324
-0.0384644	0.460715	-0.0423199	0.0780146	0.0239969	0.0302235	0.107227	-0.0052018	-0.166759	-0.150142	0.0312341	-0.0729875	-0.133244	0.110859	0.0496101
-0.0391741	0.4602	-0.0420983	0.0791327	0.0240807	0.0295622	0.107071	-0.00479093	-0.165928	-0.150562	0.0294899	-0.0742752	-0.13361	0.112134	0.0493994
-0.0403906	0.460174	-0.0421255	0.0804318	0.0243364	0.029348	0.10649	-0.00461061	-0.16587	-0.151981	0.0278697	-0.0757793	-0.134178	0.1136	0.0488164
-0.042049	0.460781	-0.042365	0.0818759	0.0249581	0.0296088	0.105532	-0.00491803	-0.166693	-0.154213	0.0265422	-0.0775563	-0.134937	0.115481	0.0477935
-0.0439564	0.46172	-0.042657	0.0833422	0.0258128	0.0300462	0.104323	-0.00551798	-0.167799	-0.156662	0.025296	-0.0795861	-0.135796	0.117678	0.0465869
-0.0458906	0.462534	-0.0428691	0.0847862	0.0267928	0.0305084	0.102947	-0.00646257	-0.168957	-0.158952	0.0240812	-0.0817413	-0.136649	0.120195	0.0452718
-0.0477638	0.463117	-0.0430792	0.0868061	0.0277304	0.0307544	0.101375	-0.00793934	-0.169998	-0.161009	0.0229977	-0.0840531	-0.137301	0.123406	0.0437053
-0.0491071	0.463274	-0.042943	0.0884513	0.0286408	0.0308461	0.0999403	-0.00970941	-0.170681	-0.162344	0.0221132	-0.0861705	-0.137766	0.126401	0.0422402
-0.0502535	0.463097	-0.0427097	0.0902174	0.0293781	0.0306248	0.0986777	-0.011403	-0.170829	-0.163172	0.021247	-0.088281	-0.138065	0.129379	0.041009
-0.0514144	0.462599	-0.0425094	0.0923208	0.029862	0.030211	0.0974387	-0.0132189	-0.170689	-0.163663	0.0206094	-0.0903006	-0.138142	0.132429	0.0399156
-0.0523874	0.461909	-0.042261	0.0946416	0.0300502	0.0295136	0.0963788	-0.0148979	-0.170107	-0.163674	0.0201063	-0.0921674	-0.137975	0.135452	0.0391371
-0.0534117	0.461276	-0.0420112	0.0972736	0.030057	0.0285645	0.0954118	-0.0164048	-0.169159	-0.163373	0.0195002	-0.0940575	-0.137755	0.138664	0.0385755
-0.0547743	0.46056	-0.0416604	0.100288	0.0298719	0.027454	0.0943203	-0.017855	-0.167812	-0.163072	0.0185621	-0.0962603	-0.137527	0.142142	0.0381078
-0.0559898	0.460174	-0.0409983	0.103505	0.0295128	0.0260209	0.0934616	-0.0192185	-0.166114	-0.162432	0.0173527	-0.0988758	-0.137495	0.146181	0.0379363
-0.0570436	0.459872	-0.0401509	0.106801	0.0290785	0.0244884	0.09281	-0.0206647	-0.164242	-0.161492	0.016166	-0.101746	-0.137635	0.150601	0.037916
-0.0578792	0.459986	-0.0390165	0.109509	0.0285587	0.0230432	0.0924268	-0.021824	-0.162209	-0.160565	0.0148495	-0.104638	-0.137874	0.154621	0.0381857
-0.0583866	0.460361	-0.0379635	0.111673	0.0279341	0.0219329	0.0923019	-0.022749	-0.160615	-0.159987	0.0138799	-0.107287	-0.138101	0.158054	0.0385879
-0.058276	0.461078	-0.0367379	0.112951	0.0273151	0.0211815	0.0924322	-0.0232954	-0.159448	-0.159881	0.013082	-0.109439	-0.138111	0.160603	0.0392272
-0.0576381	0.461831	-0.0356643	0.113589	0.0267038	0.0206836	0.0928316	-0.0234423	-0.158695	-0.160019	0.0126739	-0.110862	-0.137933	0.162181	0.0399962
-0.056892	0.46293	-0.0348679	0.114116	0.0259823	0.0202773	0.0932375	-0.0233699	-0.15809	-0.160123	0.0125502	-0.111534	-0.137618	0.163002	0.0407988
-0.0560446	0.463812	-0.0343884	0.113969	0.0252686	0.0200506	0.0937403	-0.0230123	-0.157627	-0.159932	0.0128118	-0.111358	-0.137286	0.162477	0.0416338
