0.247793	0.558043	0.282008	0.0193805	0.101437	-0.180643	0.0152433	-0.257599	0.0851587	0.239337	-0.105037	0.0663103	0.0719549	0.313396	-0.0380324
0.245957	0.558792	0.280769	0.0204547	0.101226	-0.180314	0.0145419	-0.257228	0.0846276	0.237488	-0.104827	0.0660138	0.0717391	0.312536	-0.0376428
0.244143	0.563038	0.278931	0.0218209	0.101438	-0.180697	0.0125657	-0.257491	0.0834083	0.234643	-0.104997	0.0672387	0.0718731	0.310605	-0.036875
0.239205	0.573344	0.274008	0.0250435	0.103593	-0.181255	0.00674346	-0.260464	0.0800666	0.231633	-0.105304	0.0696431	0.0702002	0.308717	-0.039369
0.231184	0.592883	0.26582	0.0284422	0.108968	-0.179354	-0.00337668	-0.266661	0.07024	0.22491	-0.104623	0.0736648	0.0663776	0.307058	-0.0468472
0.220029	0.629885	0.255761	0.028663	0.120138	-0.174466	-0.0175836	-0.273993	0.0529568	0.212593	-0.106698	0.0782736	0.0594571	0.306161	-0.0590201
0.204316	0.686242	0.24313	0.0248942	0.135932	-0.166319	-0.0363431	-0.280224	0.0288047	0.194328	-0.112352	0.0835878	0.049201	0.304423	-0.0751566
0.184405	0.756139	0.226577	0.0195283	0.155047	-0.154693	-0.0604738	-0.286402	-0.00296862	0.169967	-0.11812	0.0909748	0.0373474	0.301964	-0.0964917
0.162746	0.834845	0.20644	0.0127512	0.176361	-0.139815	-0.0886115	-0.292616	-0.0414921	0.140171	-0.122409	0.10107	0.0252464	0.298401	-0.122817
0.139515	0.9207	0.18262	0.00874461	0.196319	-0.123878	-0.119442	-0.296351	-0.0827641	0.104787	-0.125591	0.112869	0.014302	0.294754	-0.151234
0.115471	1.00501	0.155749	0.0103324	0.21246	-0.108495	-0.150987	-0.297685	-0.123005	0.0659238	-0.12643	0.125371	0.00547557	0.291354	-0.179348
0.0926453	1.08182	0.128051	0.0171925	0.223548	-0.0942731	-0.180181	-0.296286	-0.160152	0.0249617	-0.125328	0.136781	-0.00100869	0.289095	-0.204225
0.0723741	1.14603	0.101718	0.0276031	0.22983	-0.0813054	-0.204438	-0.292393	-0.193334	-0.016248	-0.12243	0.14552	-0.00550103	0.288067	-0.223868
0.0554393	1.197	0.0782687	0.0381892	0.233139	-0.0691136	-0.22275	-0.286862	-0.223126	-0.0564531	-0.118845	0.151427	-0.00911367	0.287545	-0.238848
0.0407112	1.2339	0.0573109	0.0485251	0.233592	-0.0574747	-0.235808	-0.280038	-0.249172	-0.093913	-0.113844	0.154761	-0.0123838	0.286049	-0.249066
0.0271465	1.25749	0.0385528	0.0588442	0.231414	-0.046289	-0.243921	-0.272279	-0.272045	-0.128666	-0.107029	0.155434	-0.0157565	0.283304	-0.255003
0.0155723	1.27035	0.0223035	0.0685023	0.226956	-0.0355503	-0.247866	-0.263819	-0.292632	-0.160711	-0.0984827	0.154467	-0.0187126	0.2797	-0.256935
0.00402036	1.2758	0.00750205	0.0791288	0.220667	-0.025357	-0.249018	-0.254479	-0.311326	-0.191392	-0.08903	0.151313	-0.021655	0.276536	-0.255787
-0.00657169	1.27581	-0.00535736	0.088989	0.213923	-0.0156181	-0.247869	-0.244767	-0.328086	-0.219757	-0.0798586	0.146614	-0.0251025	0.273635	-0.252704
-0.0167824	1.27298	-0.0159688	0.0973872	0.208358	-0.00672111	-0.244935	-0.235531	-0.342415	-0.244347	-0.072808	0.140031	-0.0300223	0.271895	-0.248922
-0.0251594	1.26915	-0.0226266	0.100414	0.205855	0.00145547	-0.240104	-0.227792	-0.353609	-0.262882	-0.0703082	0.132118	-0.0375178	0.27066	-0.245696
-0.0309538	1.26841	-0.0246246	0.0962635	0.208744	0.00809404	-0.235051	-0.222882	-0.360694	-0.273059	-0.0748584	0.124229	-0.0474055	0.270256	-0.245197
-0.0355098	1.27533	-0.0240023	0.0887379	0.213903	0.0124676	-0.232242	-0.219137	-0.36403	-0.278428	-0.0840935	0.11867	-0.0569552	0.269589	-0.246353
-0.038499	1.28512	-0.0205237	0.0805028	0.21969	0.0136507	-0.231095	-0.216996	-0.362688	-0.278857	-0.0959344	0.115466	-0.0647642	0.269445	-0.248609
-0.0388765	1.29459	-0.0154626	0.0724031	0.226176	0.0124981	-0.232082	-0.216727	-0.358925	-0.275622	-0.106863	0.115143	-0.0692458	0.269373	-0.25099
-0.0375389	1.30759	-0.0121164	0.066118	0.231017	0.00935606	-0.235446	-0.218828	-0.354118	-0.26829	-0.114816	0.118977	-0.0714859	0.267603	-0.255771
-0.034153	1.33026	-0.0101965	0.0614663	0.234498	0.00360962	-0.24161	-0.221806	-0.348317	-0.258023	-0.122107	0.127222	-0.0708632	0.265391	-0.262745
-0.0304939	1.36055	-0.00947802	0.0594287	0.237746	-0.00537728	-0.251685	-0.227545	-0.34082	-0.243943	-0.128126	0.140134	-0.0663453	0.263232	-0.272651
-0.0295443	1.38722	-0.0101988	0.0631919	0.239169	-0.0140278	-0.262993	-0.234328	-0.334466	-0.23466	-0.130058	0.152144	-0.0582961	0.263252	-0.281526
-0.0288397	1.40399	-0.0112327	0.0706171	0.238912	-0.0215432	-0.273399	-0.241771	-0.329114	-0.228231	-0.128296	0.162267	-0.0478528	0.265642	-0.288291
-0.0239317	1.4066	-0.00821066	0.0726712	0.240564	-0.0277762	-0.278942	-0.248102	-0.322053	-0.217799	-0.128372	0.168555	-0.039377	0.268761	-0.291308
-0.0137599	1.40289	-0.00191253	0.0682636	0.244384	-0.0344662	-0.281505	-0.254957	-0.313192	-0.199802	-0.13012	0.174905	-0.0324042	0.271016	-0.293053
-0.00203843	1.39621	0.00536179	0.0610152	0.249034	-0.0413775	-0.282661	-0.262043	-0.303169	-0.177635	-0.132704	0.180726	-0.0267642	0.272767	-0.29427
0.00913704	1.38902	0.0121569	0.0551292	0.252155	-0.0476695	-0.283102	-0.269028	-0.294067	-0.157271	-0.133729	0.186016	-0.0211839	0.274854	-0.295002
0.0184136	1.38236	0.0195218	0.0508139	0.25444	-0.0545076	-0.28376	-0.275307	-0.283559	-0.13784	-0.135374	0.190366	-0.0156109	0.277393	-0.294587
0.0276276	1.374	0.0299268	0.0462919	0.25854	-0.0630263	-0.284796	-0.281407	-0.269447	-0.117356	-0.140845	0.193027	-0.00939171	0.281987	-0.293376
0.0378805	1.36333	0.0428679	0.0406605	0.263264	-0.0722001	-0.284362	-0.288121	-0.253982	-0.0962935	-0.147065	0.195095	-0.00254013	0.286512	-0.291256
0.0484108	1.35052	0.0566749	0.0349452	0.266667	-0.0816468	-0.282632	-0.294278	-0.237521	-0.0748923	-0.153075	0.196778	0.00445355	0.290355	-0.287685
0.0584258	1.33548	0.0714226	0.0300268	0.268565	-0.0915269	-0.279309	-0.299852	-0.219836	-0.0536173	-0.158848	0.197347	0.0113454	0.294097	-0.28283
0.0673594	1.32088	0.0862124	0.0267301	0.269208	-0.10229	-0.275954	-0.305194	-0.200723	-0.0326322	-0.164643	0.197894	0.0191044	0.297587	-0.277831
0.0759485	1.30921	0.101863	0.0241676	0.268767	-0.114741	-0.272948	-0.309784	-0.17837	-0.0103551	-0.172452	0.198671	0.0273495	0.300908	-0.272676
0.0841931	1.29452	0.118461	0.0225359	0.267164	-0.127805	-0.268889	-0.314705	-0.154261	0.0125942	-0.180075	0.198948	0.0360104	0.304193	-0.267006
0.0932782	1.27829	0.135876	0.0206116	0.264567	-0.141571	-0.263739	-0.319641	-0.128611	0.0369083	-0.187616	0.199547	0.045134	0.306454	-0.261045
0.103417	1.25955	0.153613	0.0178696	0.260735	-0.156127	-0.257067	-0.324189	-0.101488	0.0635376	-0.194873	0.200631	0.0542883	0.306989	-0.254452
0.11509	1.24004	0.171389	0.0145507	0.255729	-0.171597	-0.249433	-0.32832	-0.0731546	0.0928369	-0.202202	0.202506	0.0631799	0.306687	-0.247831
0.128217	1.21865	0.188713	0.0104558	0.250064	-0.186941	-0.240524	-0.3317	-0.0454152	0.122901	-0.209005	0.204618	0.0714255	0.30601	-0.241272
0.142231	1.20131	0.204822	0.00598746	0.244293	-0.202759	-0.232601	-0.334926	-0.0181085	0.154194	-0.215811	0.20876	0.0794943	0.304698	-0.236322
0.157734	1.18498	0.220253	0.0012082	0.239038	-0.219024	-0.226023	-0.337573	0.00958215	0.186199	-0.223197	0.214313	0.0885226	0.303445	-0.231742
0.172923	1.16775	0.234832	-0.00194846	0.233515	-0.235424	-0.219675	-0.339637	0.0377061	0.217442	-0.23072	0.219366	0.0977722	0.303028	-0.226609
0.187385	1.14894	0.248001	-0.00414941	0.227574	-0.250776	-0.213317	-0.341183	0.0647074	0.247104	-0.237338	0.224013	0.106434	0.302536	-0.22108
0.201	1.12821	0.260055	-0.00629285	0.221261	-0.264286	-0.205577	-0.341343	0.0894275	0.273912	-0.24298	0.227228	0.113297	0.301658	-0.214441
0.212917	1.10547	0.27023	-0.00899182	0.215082	-0.275109	-0.196958	-0.34079	0.110282	0.297402	-0.246817	0.229069	0.117844	0.299823	-0.207854
0.223244	1.08295	0.278927	-0.0126475	0.209024	-0.283191	-0.187449	-0.339402	0.127159	0.317129	-0.249074	0.229751	0.120306	0.296884	-0.201267
0.232228	1.06226	0.286353	-0.0168907	0.203577	-0.289126	-0.178142	-0.337436	0.140367	0.332904	-0.250184	0.229951	0.121743	0.293328	-0.195233
0.239864	1.04415	0.293188	-0.0221682	0.199375	-0.293239	-0.169224	-0.335201	0.151098	0.345699	-0.251749	0.229247	0.121654	0.289676	-0.190056
0.245626	1.02845	0.298796	-0.0271064	0.196312	-0.295787	-0.161457	-0.333344	0.159344	0.355308	-0.253203	0.227947	0.120849	0.286505	-0.186124
0.250101	1.01693	0.303553	-0.032097	0.194902	-0.297011	-0.155192	-0.331749	0.165019	0.361703	-0.255289	0.226251	0.119555	0.284319	-0.183524
0.252495	1.01098	0.306641	-0.037157	0.195416	-0.296624	-0.151073	-0.330727	0.167622	0.365078	-0.257828	0.224546	0.117258	0.282813	-0.182892
0.253837	1.00976	0.308587	-0.0421878	0.197406	-0.295367	-0.148565	-0.330329	0.167947	0.366082	-0.260614	0.223075	0.114839	0.281997	-0.183753
0.25579	1.00887	0.310632	-0.0460858	0.198304	-0.295083	-0.145827	-0.330221	0.16917	0.367135	-0.262381	0.222378	0.113945	0.280861	-0.18371
0.257716	1.00976	0.312937	-0.0491153	0.198339	-0.295547	-0.14297	-0.329709	0.171069	0.367639	-0.264178	0.221808	0.113914	0.279812	-0.182841
0.258764	1.013	0.314947	-0.0515063	0.198393	-0.296207	-0.140986	-0.329311	0.172712	0.367542	-0.266005	0.221509	0.114224	0.278751	-0.182348
0.259288	1.01636	0.316343	-0.0530805	0.198252	-0.296723	-0.139513	-0.329531	0.173734	0.367228	-0.266938	0.221423	0.114713	0.277667	-0.182216
0.259455	1.01989	0.317273	-0.0538206	0.197571	-0.297141	-0.138155	-0.329793	0.174452	0.366626	-0.267246	0.221287	0.115243	0.276734	-0.181856
0.259189	1.02338	0.317546	-0.0536912	0.196624	-0.297381	-0.137212	-0.330362	0.17462	0.365833	-0.266762	0.221295	0.11573	0.276005	-0.181708
0.258693	1.0272	0.316938	-0.0528575	0.19555	-0.297734	-0.137023	-0.331437	0.174453	0.365668	-0.265437	0.22196	0.116335	0.275303	-0.181966
0.25664	1.03143	0.314933	-0.050341	0.194166	-0.298428	-0.138068	-0.333125	0.174655	0.367005	-0.263357	0.222811	0.116341	0.274923	-0.182719
0.256352	1.03813	0.313207	-0.0474663	0.19238	-0.299517	-0.138812	-0.334248	0.174625	0.368319	-0.261085	0.224487	0.116914	0.275636	-0.182626
0.256202	1.04406	0.310809	-0.0425895	0.189749	-0.300916	-0.140087	-0.335773	0.175714	0.370949	-0.2583	0.226353	0.117379	0.277401	-0.182461
0.255821	1.04895	0.30823	-0.0379	0.187081	-0.301806	-0.141624	-0.336569	0.176587	0.373009	-0.255908	0.227971	0.117374	0.278623	-0.18205
