0.239737	0.577883	0.273761	0.0316491	0.100363	-0.178204	0.0151202	-0.25994	0.0769029	0.232751	-0.0980273	0.0626517	0.0654532	0.320468	-0.0388565
0.240145	0.577372	0.273784	0.031897	0.10028	-0.17837	0.0150598	-0.260276	0.0768418	0.232919	-0.0977759	0.0628706	0.0659101	0.320763	-0.0391728
0.240098	0.57676	0.273604	0.0323286	0.100258	-0.178475	0.0148603	-0.260404	0.0767715	0.232883	-0.0977125	0.0628135	0.0660965	0.321098	-0.0393602
0.240118	0.575727	0.273253	0.0322949	0.100302	-0.17839	0.0145393	-0.260452	0.0765906	0.232993	-0.0976579	0.0629742	0.0661292	0.320856	-0.0394684
0.239122	0.57546	0.271599	0.0339346	0.099541	-0.178241	0.0136243	-0.260261	0.0758201	0.231912	-0.0968388	0.0632503	0.0661458	0.32031	-0.0390031
0.237041	0.575557	0.267987	0.0393575	0.0986415	-0.179004	0.0105001	-0.26207	0.0748491	0.23053	-0.09445	0.0646418	0.0671567	0.320316	-0.0388252
0.233352	0.576145	0.261434	0.0496583	0.0976822	-0.179809	0.00379929	-0.267363	0.0713252	0.226106	-0.088267	0.0685161	0.0704894	0.320464	-0.0402911
0.224967	0.587565	0.251316	0.0644578	0.0956278	-0.180186	-0.00600005	-0.271872	0.0641423	0.214092	-0.0809318	0.0733328	0.0742292	0.320161	-0.0422221
0.212504	0.614815	0.238856	0.0777145	0.0959299	-0.178503	-0.0190073	-0.275404	0.0510098	0.195506	-0.0752859	0.0790889	0.075786	0.318743	-0.0464787
0.195973	0.659547	0.224162	0.0850508	0.102018	-0.17287	-0.0357739	-0.279734	0.0292081	0.17257	-0.0721495	0.0857542	0.0724836	0.315888	-0.0563194
0.174793	0.722077	0.206709	0.0841994	0.116006	-0.161177	-0.0567196	-0.285976	-0.00397356	0.144996	-0.0715868	0.0925137	0.062516	0.31194	-0.0745311
0.14942	0.799872	0.185636	0.0773221	0.136316	-0.143951	-0.0828227	-0.29271	-0.0467839	0.112275	-0.0731479	0.100045	0.0478506	0.307171	-0.100762
0.12293	0.887187	0.161544	0.0697493	0.158698	-0.124839	-0.11308	-0.297488	-0.0933259	0.075403	-0.0762271	0.10927	0.0326334	0.302914	-0.131671
0.097108	0.97569	0.134933	0.066993	0.178223	-0.106176	-0.144929	-0.298891	-0.138636	0.0342887	-0.0792808	0.11925	0.0196112	0.300379	-0.162957
0.0728612	1.05536	0.107163	0.0724457	0.19117	-0.0897378	-0.174165	-0.297217	-0.179367	-0.00954772	-0.0799078	0.127981	0.0100291	0.299971	-0.190155
0.0517692	1.1225	0.0813133	0.0806448	0.199847	-0.0754041	-0.198646	-0.293712	-0.214258	-0.0518927	-0.0803807	0.134717	0.00196857	0.300381	-0.213127
0.0347103	1.17483	0.0585021	0.0895677	0.204166	-0.0632401	-0.217051	-0.287181	-0.243032	-0.0899713	-0.0803083	0.138652	-0.00510074	0.300664	-0.229667
0.0208252	1.21606	0.0387242	0.0977492	0.205451	-0.0529598	-0.230719	-0.278169	-0.265921	-0.123258	-0.0810769	0.140343	-0.0122421	0.29984	-0.241612
0.00841809	1.24497	0.0212163	0.106517	0.204344	-0.0435337	-0.240701	-0.268809	-0.284855	-0.153345	-0.0807089	0.139865	-0.018723	0.29874	-0.250115
-0.0032968	1.26238	0.00634939	0.116582	0.201702	-0.0350816	-0.247313	-0.260476	-0.300818	-0.180649	-0.0783574	0.137147	-0.0235637	0.298832	-0.255029
-0.0133997	1.27277	-0.00453579	0.124608	0.200425	-0.0277178	-0.251392	-0.253684	-0.313478	-0.203966	-0.0773349	0.132812	-0.0278136	0.300012	-0.258109
-0.0201566	1.27446	-0.00960358	0.126019	0.20149	-0.0212399	-0.250761	-0.248681	-0.32186	-0.219365	-0.078769	0.126814	-0.0336291	0.300093	-0.258958
-0.0220432	1.27483	-0.00899132	0.118766	0.206297	-0.0169995	-0.247658	-0.244737	-0.325043	-0.224383	-0.0859788	0.121277	-0.0408392	0.29931	-0.259436
-0.0213973	1.27585	-0.00574264	0.107771	0.212205	-0.0150426	-0.243917	-0.242676	-0.325146	-0.221884	-0.0943708	0.11789	-0.0481029	0.296827	-0.260452
-0.0185027	1.28701	-0.000682225	0.0954169	0.220001	-0.0171762	-0.243842	-0.24346	-0.321196	-0.213091	-0.106315	0.119245	-0.0529227	0.294833	-0.265159
-0.014992	1.29912	0.00449293	0.0862549	0.226947	-0.0217329	-0.246597	-0.246592	-0.315079	-0.202407	-0.116522	0.123464	-0.0533365	0.293942	-0.270252
-0.0118088	1.3181	0.00825079	0.0797015	0.232765	-0.0276836	-0.252463	-0.250996	-0.308568	-0.191439	-0.125519	0.130977	-0.0518552	0.292519	-0.277786
-0.00811891	1.34408	0.0105378	0.0751137	0.237709	-0.0351469	-0.261418	-0.256038	-0.302196	-0.179563	-0.133098	0.142364	-0.0483162	0.29034	-0.28714
-0.00722615	1.37551	0.00972164	0.0759158	0.241053	-0.0433935	-0.274153	-0.260599	-0.296827	-0.171575	-0.138834	0.155821	-0.0422717	0.288883	-0.297405
-0.0110586	1.40526	0.00470748	0.0832337	0.240945	-0.0498533	-0.287977	-0.262989	-0.294589	-0.171805	-0.140433	0.167991	-0.0352491	0.287807	-0.306253
-0.0156913	1.41346	0.000323358	0.0911207	0.238721	-0.0509945	-0.293566	-0.262942	-0.295443	-0.177348	-0.13867	0.171191	-0.032081	0.289089	-0.308808
-0.0188929	1.41461	-0.00229314	0.0959616	0.236664	-0.0508569	-0.294844	-0.261356	-0.296023	-0.181024	-0.138048	0.170562	-0.032041	0.290551	-0.3085
-0.0195393	1.41262	-0.00207195	0.0963866	0.236417	-0.0511305	-0.293595	-0.259534	-0.294883	-0.179744	-0.139947	0.167901	-0.0341533	0.292461	-0.306747
-0.018937	1.41575	-0.000886012	0.09713	0.237165	-0.0525372	-0.293552	-0.259324	-0.293405	-0.177755	-0.142369	0.166301	-0.0346669	0.295966	-0.306384
-0.0184232	1.41999	0.00117791	0.098026	0.237597	-0.0552907	-0.294202	-0.260299	-0.289376	-0.173636	-0.145158	0.165734	-0.0338968	0.298796	-0.30653
-0.0145964	1.42372	0.00797358	0.0962197	0.239539	-0.061118	-0.294933	-0.262425	-0.279735	-0.163657	-0.151806	0.166032	-0.0312207	0.302584	-0.305936
-0.00787189	1.42431	0.0175765	0.0928634	0.243428	-0.0689561	-0.295802	-0.267147	-0.267387	-0.14867	-0.159277	0.167069	-0.0266358	0.307481	-0.305504
0.000107147	1.42254	0.0271776	0.0895063	0.245876	-0.0775453	-0.296098	-0.272279	-0.253718	-0.130739	-0.16545	0.168819	-0.0211545	0.311412	-0.304232
0.00942194	1.41639	0.0386623	0.0856076	0.247626	-0.0867696	-0.294575	-0.277215	-0.238322	-0.110314	-0.171386	0.17014	-0.0152042	0.315657	-0.30071
0.0194879	1.40884	0.0520936	0.0828783	0.249173	-0.0978945	-0.292994	-0.28185	-0.219955	-0.0882566	-0.178296	0.171255	-0.00778724	0.321239	-0.29642
0.0295664	1.3981	0.066239	0.0794627	0.250299	-0.1098	-0.290813	-0.286636	-0.199548	-0.0639461	-0.184763	0.172966	0.000599621	0.325206	-0.29096
0.0406137	1.38582	0.0807328	0.0762203	0.250798	-0.122897	-0.288564	-0.291192	-0.177362	-0.0375156	-0.191665	0.175362	0.00977384	0.329175	-0.28533
0.0525307	1.37286	0.0952747	0.0732119	0.250656	-0.13704	-0.285285	-0.295485	-0.153644	-0.00880898	-0.198693	0.178113	0.0188929	0.332985	-0.278984
0.0654302	1.35942	0.110285	0.0700478	0.249204	-0.152146	-0.280802	-0.299101	-0.127839	0.0218746	-0.206123	0.181158	0.0280364	0.336012	-0.271382
0.0793686	1.34606	0.126155	0.0661798	0.246969	-0.168504	-0.275463	-0.302358	-0.0997393	0.0545127	-0.214712	0.18484	0.0371332	0.33801	-0.263641
0.0949294	1.33106	0.142968	0.0617267	0.24385	-0.185839	-0.26924	-0.306077	-0.0699879	0.0888146	-0.223252	0.189654	0.0469083	0.339007	-0.255989
0.110226	1.31401	0.160041	0.0573086	0.239817	-0.202909	-0.26194	-0.309981	-0.0404032	0.12193	-0.231124	0.19424	0.0564767	0.338937	-0.248538
0.124604	1.2939	0.176935	0.0536163	0.234985	-0.219247	-0.253802	-0.314246	-0.0116366	0.153094	-0.237537	0.198289	0.0660716	0.337983	-0.241131
0.137688	1.27003	0.19334	0.049901	0.229477	-0.233656	-0.244326	-0.31868	0.0147214	0.181213	-0.241977	0.201297	0.0747944	0.335753	-0.233712
0.150262	1.24234	0.209076	0.0452534	0.223278	-0.246245	-0.233114	-0.322418	0.0389827	0.207325	-0.244678	0.203335	0.0821731	0.331791	-0.225721
0.162413	1.21503	0.223712	0.0401617	0.216508	-0.257203	-0.220743	-0.325128	0.0608008	0.230918	-0.246386	0.204707	0.0879803	0.32719	-0.217642
0.17405	1.18875	0.236473	0.0353765	0.209416	-0.266579	-0.208308	-0.327217	0.0799146	0.25199	-0.246901	0.205786	0.0927386	0.322452	-0.21029
0.184353	1.16333	0.247549	0.0303944	0.202632	-0.273933	-0.195794	-0.328481	0.0962719	0.270218	-0.246874	0.205894	0.095719	0.317549	-0.203322
0.192865	1.13885	0.256637	0.0263478	0.196481	-0.279263	-0.184108	-0.329269	0.109352	0.284499	-0.246107	0.205009	0.0977324	0.313462	-0.197023
0.199092	1.1169	0.263822	0.0221746	0.191625	-0.282539	-0.173961	-0.329628	0.119179	0.295332	-0.245116	0.203624	0.0985099	0.309285	-0.191852
0.203467	1.10149	0.269533	0.0172825	0.188839	-0.284394	-0.166447	-0.329663	0.125975	0.303071	-0.244996	0.202741	0.098679	0.305382	-0.188807
0.207833	1.09047	0.275262	0.0103882	0.188038	-0.285677	-0.160206	-0.329313	0.13189	0.31018	-0.246932	0.20207	0.0980315	0.301606	-0.187049
0.211834	1.08358	0.280239	0.00441807	0.187317	-0.287039	-0.154907	-0.328154	0.137544	0.31613	-0.249657	0.201392	0.0974305	0.298854	-0.185156
0.215917	1.07784	0.284374	-0.000204703	0.185784	-0.288511	-0.149733	-0.32678	0.142896	0.321671	-0.251596	0.200881	0.0970644	0.296559	-0.182696
0.220076	1.07372	0.288099	-0.00493148	0.18427	-0.289896	-0.145132	-0.325524	0.147424	0.327019	-0.25293	0.201183	0.0970264	0.293859	-0.180362
0.223554	1.07113	0.291439	-0.010306	0.183849	-0.290518	-0.141582	-0.324385	0.150504	0.331213	-0.254679	0.201375	0.096501	0.291195	-0.178891
0.226623	1.0687	0.294283	-0.0155136	0.18407	-0.290461	-0.138743	-0.323714	0.152397	0.334503	-0.256157	0.201456	0.0957357	0.288924	-0.178079
0.229578	1.06723	0.29641	-0.0201708	0.184325	-0.29027	-0.136657	-0.323513	0.153645	0.337758	-0.256918	0.202181	0.0952268	0.286795	-0.177673
0.232914	1.06662	0.298177	-0.0244726	0.184345	-0.290324	-0.134981	-0.323459	0.154788	0.341415	-0.257322	0.203594	0.0950726	0.284802	-0.177317
0.23623	1.06541	0.299792	-0.0279809	0.18442	-0.290375	-0.133511	-0.323605	0.155581	0.344247	-0.257462	0.204835	0.0952265	0.283356	-0.176832
0.238757	1.06447	0.300899	-0.0307054	0.184374	-0.290514	-0.132721	-0.323946	0.156351	0.346719	-0.257333	0.206272	0.0956646	0.281844	-0.176577
0.24046	1.0633	0.301641	-0.0332088	0.184795	-0.290232	-0.132351	-0.324414	0.156202	0.348058	-0.256987	0.207547	0.096032	0.2804	-0.176653
0.240954	1.06245	0.301672	-0.034818	0.185391	-0.289506	-0.132538	-0.324859	0.155329	0.348109	-0.256586	0.208225	0.0960204	0.279382	-0.176902
0.240801	1.06144	0.301041	-0.0357481	0.186022	-0.288439	-0.13311	-0.325373	0.153912	0.34742	-0.255796	0.208822	0.0958635	0.278482	-0.177277
0.239194	1.0608	0.299144	-0.0356245	0.18692	-0.287505	-0.135011	-0.326316	0.152889	0.347377	-0.255126	0.209442	0.0951276	0.277596	-0.178433
