0.250436	0.551053	0.286339	0.0262354	0.0916293	-0.188529	0.0221162	-0.252455	0.0982893	0.244085	-0.103862	0.0663296	0.0775997	0.312661	-0.0289294
0.251026	0.550797	0.2865	0.0265618	0.0912923	-0.189378	0.0219072	-0.252337	0.0993768	0.245746	-0.104062	0.066733	0.078151	0.312904	-0.028748
0.251312	0.550166	0.286187	0.0269797	0.0907743	-0.190191	0.0216032	-0.252217	0.100422	0.247586	-0.103901	0.0673304	0.0786236	0.312587	-0.0285893
0.251488	0.549965	0.28467	0.0282864	0.0898802	-0.191003	0.0204782	-0.252625	0.100495	0.248456	-0.102642	0.068936	0.079645	0.311232	-0.0279188
0.250537	0.553186	0.280598	0.0333292	0.0888891	-0.192916	0.0165873	-0.255208	0.0999944	0.248997	-0.100363	0.0721925	0.0810356	0.310212	-0.028065
0.245468	0.561612	0.272232	0.0419774	0.0888143	-0.193505	0.00839636	-0.260852	0.095102	0.245957	-0.0954507	0.0769933	0.0815035	0.308891	-0.0314358
0.235826	0.585767	0.261255	0.0499341	0.0926206	-0.190599	-0.00318056	-0.266746	0.0814774	0.232987	-0.0915085	0.0816644	0.0793853	0.308166	-0.0381793
0.220483	0.627214	0.247721	0.0537334	0.101239	-0.183677	-0.0183375	-0.271988	0.0602615	0.212998	-0.0907122	0.0859479	0.0725714	0.30585	-0.0487894
0.199896	0.685588	0.231465	0.0515336	0.116027	-0.171445	-0.0373995	-0.277196	0.0293361	0.186265	-0.0926797	0.0900427	0.0603888	0.302325	-0.0649914
0.175241	0.759466	0.212108	0.0445918	0.136364	-0.154225	-0.0607994	-0.282744	-0.0113406	0.152688	-0.0960486	0.0949103	0.0445007	0.298181	-0.0877502
0.147118	0.846077	0.188849	0.0374237	0.159025	-0.134345	-0.0887695	-0.286996	-0.0579513	0.112765	-0.0999956	0.101196	0.0276126	0.293986	-0.115606
0.1177	0.940803	0.16247	0.0341175	0.179994	-0.114687	-0.119497	-0.287735	-0.10536	0.0676089	-0.104824	0.108688	0.012188	0.291301	-0.145033
0.0885232	1.03198	0.133791	0.0374232	0.196525	-0.0964978	-0.150448	-0.286055	-0.150048	0.0193463	-0.108051	0.116581	-0.000222117	0.289984	-0.173614
0.0622923	1.10905	0.105279	0.0466294	0.206623	-0.0803964	-0.177588	-0.281955	-0.189564	-0.0287216	-0.108127	0.123222	-0.00902157	0.289875	-0.19725
0.0405407	1.16959	0.0798667	0.0564622	0.213549	-0.0667171	-0.200027	-0.277542	-0.222077	-0.0707581	-0.107667	0.128467	-0.0163145	0.28973	-0.216999
0.0224494	1.21304	0.0573721	0.0668267	0.216583	-0.0542379	-0.216306	-0.271735	-0.249695	-0.108988	-0.105416	0.131119	-0.0227973	0.289127	-0.231571
0.00645671	1.24061	0.0373658	0.0782993	0.216018	-0.0425918	-0.227342	-0.26453	-0.273166	-0.144265	-0.101017	0.130648	-0.0281582	0.288336	-0.240559
-0.0067051	1.25557	0.0204401	0.0891304	0.213559	-0.0317593	-0.234118	-0.257082	-0.293682	-0.175984	-0.0945702	0.128584	-0.032014	0.287189	-0.244807
-0.0170651	1.26233	0.007126	0.0981347	0.210826	-0.0220688	-0.237211	-0.249341	-0.310931	-0.203306	-0.0888633	0.124761	-0.0357366	0.286948	-0.245793
-0.0255904	1.26447	-0.0032923	0.104432	0.208471	-0.0132545	-0.237662	-0.241588	-0.325336	-0.22633	-0.0848126	0.119773	-0.0402039	0.28659	-0.244974
-0.0326321	1.26488	-0.0104243	0.106854	0.207791	-0.00604102	-0.236179	-0.234997	-0.336012	-0.243373	-0.0840458	0.114229	-0.046119	0.285996	-0.244294
-0.0356733	1.26451	-0.0136577	0.10447	0.209154	-0.000718751	-0.233896	-0.228955	-0.342669	-0.253445	-0.086844	0.109477	-0.0519531	0.285504	-0.243049
-0.0366804	1.26589	-0.0149804	0.0998289	0.211729	0.0029445	-0.231874	-0.224653	-0.346814	-0.258747	-0.0912967	0.106591	-0.0578196	0.284539	-0.243388
-0.0350464	1.26669	-0.0142427	0.0938699	0.214721	0.00447355	-0.230422	-0.222447	-0.347877	-0.258683	-0.0958672	0.106066	-0.0610437	0.283647	-0.243495
-0.0300762	1.27428	-0.0108755	0.08515	0.220637	0.00244077	-0.231193	-0.223975	-0.345162	-0.251068	-0.103557	0.109256	-0.0623412	0.283207	-0.247204
-0.0238805	1.28626	-0.00641678	0.0753979	0.227633	-0.00170375	-0.234347	-0.228255	-0.340008	-0.239357	-0.111602	0.115632	-0.0612195	0.281857	-0.253264
-0.020168	1.29924	-0.00415565	0.0683292	0.232381	-0.00587627	-0.238918	-0.233005	-0.334904	-0.22903	-0.116799	0.123094	-0.0590173	0.278362	-0.260139
-0.0159878	1.31488	-0.00201805	0.063439	0.236054	-0.0104533	-0.243823	-0.236738	-0.330308	-0.220261	-0.121858	0.130574	-0.0563792	0.276599	-0.266558
-0.0125375	1.33649	-0.00051822	0.0597106	0.239604	-0.0165896	-0.251054	-0.24074	-0.324845	-0.210239	-0.127538	0.140357	-0.053175	0.274367	-0.274515
-0.0092682	1.36463	-0.00019791	0.0575708	0.242544	-0.0245291	-0.262115	-0.245377	-0.318541	-0.199588	-0.132756	0.154271	-0.0476039	0.271136	-0.284399
-0.00830558	1.38845	-0.00230391	0.0601169	0.243534	-0.0307397	-0.273551	-0.250638	-0.315534	-0.194734	-0.132972	0.167603	-0.0401878	0.268558	-0.293608
-0.010189	1.40155	-0.00654597	0.0667673	0.241598	-0.033565	-0.282027	-0.253532	-0.315589	-0.196402	-0.129323	0.175883	-0.0341472	0.267281	-0.299046
-0.0109136	1.39942	-0.00684031	0.0693953	0.240733	-0.0331866	-0.282316	-0.253929	-0.316397	-0.198732	-0.127691	0.175598	-0.0327736	0.268854	-0.298631
-0.00825432	1.39655	-0.00344821	0.0661761	0.242647	-0.0335092	-0.281384	-0.253971	-0.314569	-0.195686	-0.130205	0.174774	-0.0331665	0.270492	-0.297432
-0.00811194	1.39597	-0.00071534	0.064343	0.245034	-0.0348098	-0.282623	-0.25494	-0.311012	-0.19196	-0.133312	0.174205	-0.0333902	0.271678	-0.297611
-0.00670719	1.39704	0.004273	0.061923	0.248606	-0.0374392	-0.284436	-0.257018	-0.305625	-0.1873	-0.138569	0.173983	-0.0322783	0.274299	-0.297945
-0.00102057	1.39414	0.0132616	0.0566404	0.254286	-0.041964	-0.285419	-0.26122	-0.297185	-0.176888	-0.14573	0.17417	-0.0301887	0.278358	-0.297931
0.00703028	1.38977	0.023146	0.0512884	0.25954	-0.0478869	-0.285877	-0.266841	-0.287331	-0.162894	-0.151909	0.175364	-0.0266651	0.282773	-0.297764
0.0153424	1.38574	0.0321526	0.0471413	0.262433	-0.055042	-0.285811	-0.27315	-0.27627	-0.145903	-0.156091	0.177902	-0.0221043	0.285876	-0.29762
0.0243491	1.38286	0.0425297	0.0441038	0.265022	-0.0654476	-0.28749	-0.280084	-0.260385	-0.124029	-0.162333	0.181555	-0.0152244	0.290471	-0.29769
0.0338509	1.37926	0.0549962	0.0426129	0.267782	-0.0775216	-0.288466	-0.287952	-0.242403	-0.101356	-0.168661	0.184662	-0.00639524	0.296847	-0.297022
0.0439729	1.37272	0.0687272	0.0414817	0.269797	-0.0905602	-0.288784	-0.295855	-0.222467	-0.0770773	-0.174734	0.187963	0.00374535	0.303117	-0.295093
0.0536024	1.35989	0.0829954	0.0403865	0.270573	-0.103712	-0.286862	-0.303233	-0.201336	-0.0509534	-0.179887	0.189949	0.0132321	0.308682	-0.29115
0.0631499	1.34397	0.0974417	0.0397006	0.268963	-0.117036	-0.282466	-0.309882	-0.179386	-0.0231999	-0.183795	0.191357	0.0218001	0.313481	-0.285376
0.072204	1.32221	0.112085	0.0394263	0.265026	-0.129488	-0.275403	-0.315876	-0.157927	0.00368724	-0.185311	0.191531	0.0297872	0.316971	-0.278175
0.0829048	1.29866	0.128451	0.0363551	0.26028	-0.142396	-0.266295	-0.320658	-0.134176	0.0332079	-0.188219	0.191665	0.0363106	0.318292	-0.270286
0.0960325	1.27715	0.146764	0.0307558	0.255438	-0.156913	-0.256243	-0.323697	-0.107183	0.0660242	-0.194319	0.192471	0.0418539	0.318558	-0.262187
0.109134	1.25563	0.16454	0.0264	0.250786	-0.171875	-0.247545	-0.326859	-0.0793294	0.0987001	-0.201042	0.19381	0.0481869	0.319459	-0.255139
0.121298	1.23612	0.181185	0.0236788	0.24699	-0.18696	-0.241596	-0.330337	-0.0512426	0.130033	-0.20906	0.195815	0.0552734	0.32149	-0.250054
0.133545	1.2178	0.197492	0.0213107	0.244083	-0.202134	-0.23699	-0.333429	-0.023137	0.160075	-0.21841	0.198243	0.0629432	0.324185	-0.245595
0.145484	1.19933	0.213304	0.0194475	0.241254	-0.217087	-0.232201	-0.336027	0.00491378	0.188956	-0.2283	0.20012	0.0701839	0.327322	-0.240891
0.157137	1.17912	0.228256	0.0178478	0.237733	-0.230883	-0.225861	-0.337543	0.0314191	0.215526	-0.237262	0.200883	0.0764846	0.330161	-0.235063
0.167118	1.156	0.2412	0.0156788	0.234085	-0.241554	-0.218324	-0.337975	0.0537968	0.237619	-0.244464	0.199723	0.0806	0.331958	-0.229119
0.176238	1.13318	0.253011	0.0119124	0.230768	-0.24937	-0.209664	-0.33716	0.0720694	0.255451	-0.250642	0.197241	0.0826666	0.332705	-0.222999
0.184188	1.11371	0.26302	0.00720282	0.227765	-0.255332	-0.201179	-0.336742	0.0864536	0.271036	-0.254734	0.195607	0.0834732	0.331596	-0.218051
0.191391	1.09919	0.271569	0.00226997	0.224961	-0.260856	-0.193908	-0.336644	0.0993164	0.285755	-0.25824	0.195453	0.0841022	0.3294	-0.214311
0.197778	1.08793	0.279013	-0.00232917	0.222235	-0.265864	-0.187298	-0.336323	0.11104	0.298854	-0.261512	0.195547	0.0845904	0.32691	-0.210992
0.203549	1.0799	0.285585	-0.00647812	0.219598	-0.270932	-0.181276	-0.335769	0.122362	0.310778	-0.264907	0.195884	0.0853378	0.324396	-0.207864
0.208657	1.07476	0.29123	-0.00985361	0.216746	-0.275784	-0.175787	-0.335121	0.132913	0.321373	-0.268073	0.19637	0.0862273	0.322116	-0.204888
0.21329	1.07032	0.2965	-0.0123377	0.213731	-0.280036	-0.170406	-0.334151	0.142373	0.329713	-0.270914	0.196228	0.0873305	0.320477	-0.201478
0.216692	1.06694	0.300795	-0.014887	0.21101	-0.283101	-0.165382	-0.333072	0.149998	0.335832	-0.273203	0.19572	0.0879992	0.318381	-0.198478
0.218616	1.06538	0.303735	-0.0172626	0.208857	-0.284808	-0.161272	-0.332187	0.155036	0.339845	-0.274765	0.195035	0.0879005	0.31641	-0.196558
0.220121	1.065	0.305695	-0.0194432	0.207697	-0.285348	-0.158022	-0.331717	0.157637	0.342173	-0.275835	0.194193	0.0872403	0.315391	-0.195697
0.220793	1.06621	0.306654	-0.0214565	0.207049	-0.285508	-0.155784	-0.331212	0.15949	0.344319	-0.27695	0.193544	0.0859279	0.31421	-0.195366
0.221815	1.06732	0.307365	-0.0237708	0.206738	-0.285803	-0.154071	-0.330866	0.161368	0.347252	-0.278128	0.193412	0.0846593	0.312854	-0.195381
0.223074	1.06779	0.30795	-0.0257745	0.206935	-0.286032	-0.152904	-0.330867	0.162421	0.349381	-0.279101	0.193461	0.0839317	0.312011	-0.195733
0.225011	1.06759	0.309317	-0.0286882	0.207861	-0.286192	-0.151969	-0.330631	0.162952	0.350372	-0.280523	0.193768	0.0840894	0.311164	-0.195783
0.226964	1.06692	0.310828	-0.0316198	0.208874	-0.286325	-0.151091	-0.330184	0.163269	0.35076	-0.281931	0.194097	0.0845534	0.310287	-0.19545
0.227793	1.06544	0.311939	-0.0336913	0.209697	-0.286369	-0.15066	-0.329618	0.163446	0.350306	-0.283029	0.194127	0.0851246	0.309263	-0.194841
0.227906	1.0644	0.31242	-0.0351655	0.209908	-0.286195	-0.150091	-0.328584	0.16336	0.349359	-0.283623	0.193952	0.0852927	0.307945	-0.193782
