0.211443	0.604158	0.245549	0.0200478	0.129681	-0.144683	0.00106547	-0.268174	0.0235829	0.188075	-0.0925161	0.0536776	0.0380631	0.312461	-0.0621525
0.210949	0.604252	0.245302	0.0212702	0.129317	-0.144778	0.000973155	-0.268151	0.0233631	0.187013	-0.0920503	0.0534799	0.0386216	0.313039	-0.0618954
0.210661	0.60317	0.244795	0.0229751	0.12825	-0.1451	0.00113701	-0.268058	0.0236271	0.186671	-0.0909856	0.053368	0.0394167	0.313423	-0.0613186
0.210893	0.601223	0.244257	0.0249101	0.126841	-0.145571	0.00145088	-0.268094	0.0240598	0.186804	-0.0894598	0.0534993	0.0405602	0.313851	-0.0606718
0.211742	0.598924	0.243841	0.0265873	0.125262	-0.14641	0.00195951	-0.26816	0.0250044	0.188087	-0.0878976	0.0539854	0.0417435	0.313999	-0.0599337
0.213237	0.595194	0.243232	0.0279573	0.123226	-0.147389	0.00251595	-0.268642	0.0259272	0.190359	-0.0857278	0.0552261	0.0431527	0.313519	-0.0592952
0.215384	0.590479	0.24206	0.0295725	0.120491	-0.148864	0.00370857	-0.26868	0.0268354	0.192893	-0.0828374	0.0569965	0.044898	0.312134	-0.0578298
0.217311	0.58653	0.239649	0.0330856	0.116517	-0.151301	0.00434816	-0.268331	0.0284647	0.195836	-0.0795849	0.0592463	0.0471513	0.310447	-0.0548945
0.217972	0.58763	0.235656	0.0403153	0.111548	-0.155029	0.00281006	-0.267628	0.0299838	0.195929	-0.0763414	0.0624693	0.0509852	0.308987	-0.0504609
0.215415	0.598214	0.228914	0.052888	0.105473	-0.159185	-0.00228317	-0.267352	0.0287695	0.18976	-0.0717947	0.0672871	0.0562094	0.308251	-0.046501
0.20769	0.622493	0.219035	0.0672913	0.101577	-0.161493	-0.0120892	-0.268303	0.021271	0.175489	-0.0669766	0.0738328	0.0607165	0.307301	-0.0465606
0.193975	0.663117	0.206432	0.0771136	0.104097	-0.159536	-0.0265394	-0.271502	0.00514048	0.15611	-0.0646462	0.0806032	0.0596445	0.305331	-0.0538005
0.17541	0.720815	0.191738	0.0785168	0.114646	-0.152244	-0.0453662	-0.276416	-0.0205677	0.133525	-0.0657167	0.0876131	0.0519461	0.301702	-0.0685326
0.152774	0.79302	0.174345	0.0736187	0.132378	-0.139578	-0.0686549	-0.282286	-0.0554426	0.106848	-0.0694911	0.0943946	0.0391214	0.298237	-0.0908732
0.128134	0.874558	0.154866	0.0647422	0.154779	-0.123011	-0.095975	-0.287238	-0.0962227	0.0755399	-0.0758568	0.101447	0.0237838	0.295308	-0.119168
0.103182	0.958449	0.133471	0.0568307	0.177265	-0.105089	-0.125792	-0.289159	-0.137978	0.0399095	-0.0838914	0.108428	0.00840569	0.293807	-0.15004
0.0787774	1.03886	0.110063	0.0562221	0.195453	-0.0887626	-0.156529	-0.28819	-0.176044	0.00109853	-0.0913388	0.115232	-0.00409666	0.294871	-0.179901
0.0574464	1.10932	0.0876474	0.0607564	0.208946	-0.0755363	-0.184669	-0.285788	-0.207523	-0.0364245	-0.0979289	0.121666	-0.0133128	0.29719	-0.206424
0.040732	1.16526	0.0675198	0.0679163	0.217197	-0.0649052	-0.207336	-0.282013	-0.232864	-0.070004	-0.102366	0.126998	-0.0200295	0.299655	-0.227425
0.0282514	1.20635	0.0508052	0.0753164	0.221395	-0.0568891	-0.223908	-0.277768	-0.251709	-0.0972071	-0.104921	0.131156	-0.0249487	0.300869	-0.242764
0.0187482	1.23514	0.0373357	0.0817698	0.222667	-0.0506224	-0.235325	-0.27285	-0.265596	-0.118793	-0.105839	0.133917	-0.0287255	0.30035	-0.252697
0.0109057	1.25345	0.0252934	0.0890642	0.221096	-0.0451825	-0.242785	-0.267213	-0.277482	-0.137502	-0.104094	0.134844	-0.0320155	0.299262	-0.259119
0.00307715	1.26237	0.01392	0.0986703	0.216458	-0.0400272	-0.24696	-0.261257	-0.288014	-0.154662	-0.0989334	0.133621	-0.0345678	0.298419	-0.261367
-0.00345446	1.26706	0.00450124	0.107878	0.211086	-0.0354338	-0.248376	-0.255866	-0.29758	-0.169842	-0.0928754	0.131266	-0.0369342	0.297934	-0.261736
-0.00690737	1.27063	-0.0006386	0.111277	0.208885	-0.0321214	-0.24786	-0.251844	-0.303195	-0.178645	-0.091624	0.128572	-0.0403987	0.297864	-0.262507
-0.00841713	1.27641	-0.00224793	0.110599	0.210221	-0.0307011	-0.247818	-0.250158	-0.305801	-0.182191	-0.094225	0.12703	-0.0430075	0.298455	-0.264117
-0.00784032	1.27884	-0.000429056	0.106295	0.213142	-0.0302775	-0.247167	-0.24941	-0.305535	-0.182305	-0.0986934	0.126178	-0.0445525	0.298305	-0.264977
-0.00537126	1.2832	0.00362487	0.0987913	0.218933	-0.0321586	-0.248094	-0.251193	-0.30215	-0.176806	-0.105899	0.127595	-0.0453444	0.297351	-0.268477
-0.000564668	1.29387	0.00911007	0.0882993	0.22697	-0.036697	-0.251757	-0.254876	-0.295824	-0.165123	-0.116324	0.132632	-0.045119	0.295785	-0.274276
0.00450768	1.30715	0.0136674	0.0799016	0.234481	-0.0415309	-0.256672	-0.259681	-0.290385	-0.154263	-0.125406	0.139111	-0.0437712	0.295125	-0.28129
0.00831664	1.32801	0.0153813	0.0743091	0.239879	-0.047087	-0.264229	-0.263266	-0.285438	-0.144574	-0.133716	0.148067	-0.0417234	0.293714	-0.289189
0.0119584	1.3576	0.015544	0.0707838	0.244853	-0.0546867	-0.274904	-0.266884	-0.280427	-0.134939	-0.141585	0.160758	-0.0375377	0.291676	-0.298825
0.0127403	1.38738	0.0121704	0.073059	0.247628	-0.0623414	-0.288493	-0.27118	-0.27702	-0.128741	-0.145207	0.174988	-0.0306706	0.289977	-0.309251
0.0107797	1.40559	0.00615921	0.0807993	0.247061	-0.0660913	-0.299536	-0.27432	-0.278086	-0.13138	-0.14283	0.185279	-0.0232497	0.290111	-0.316693
0.0111191	1.40545	0.00413731	0.0835258	0.247115	-0.065	-0.3007	-0.27537	-0.281119	-0.134936	-0.140465	0.186627	-0.0213717	0.292393	-0.317709
0.0138035	1.40006	0.00579408	0.0809752	0.247998	-0.0646413	-0.297936	-0.274553	-0.280311	-0.132042	-0.142033	0.184773	-0.0228687	0.294244	-0.315824
0.0158438	1.39809	0.0081732	0.0783379	0.250114	-0.0654539	-0.296871	-0.274391	-0.278359	-0.128132	-0.144959	0.183241	-0.0240548	0.296221	-0.314959
0.0151524	1.39861	0.00980831	0.0784274	0.251754	-0.0655866	-0.296913	-0.275165	-0.278006	-0.128541	-0.146914	0.181018	-0.0242504	0.298921	-0.314184
0.0167651	1.39809	0.0154598	0.0772164	0.254439	-0.0686879	-0.297164	-0.276425	-0.272758	-0.124803	-0.152411	0.179373	-0.0221296	0.303452	-0.311983
0.0202129	1.39251	0.024384	0.0742896	0.258957	-0.0737188	-0.297007	-0.28073	-0.263454	-0.115263	-0.158772	0.178051	-0.0187011	0.30829	-0.30981
0.0249941	1.38641	0.033285	0.0719596	0.260672	-0.0802915	-0.296064	-0.285966	-0.252028	-0.101807	-0.162579	0.178501	-0.0134536	0.310849	-0.306827
0.0322703	1.37895	0.0441102	0.069202	0.260777	-0.0887474	-0.293555	-0.290418	-0.237975	-0.0847862	-0.166439	0.179491	-0.00703327	0.313542	-0.301901
0.0410569	1.37092	0.05714	0.066197	0.261522	-0.100068	-0.291146	-0.295012	-0.218928	-0.0629033	-0.173038	0.180733	0.000206578	0.31699	-0.297544
0.0504244	1.36132	0.0711792	0.0635341	0.262083	-0.112896	-0.288994	-0.300475	-0.197359	-0.0385668	-0.179727	0.182804	0.00914072	0.320299	-0.293037
0.0613104	1.35057	0.0855717	0.0613125	0.261677	-0.127158	-0.28692	-0.305829	-0.173896	-0.0117053	-0.186435	0.186141	0.0194304	0.323684	-0.288076
0.073096	1.33786	0.100008	0.0595068	0.2601	-0.142655	-0.28378	-0.310834	-0.148551	0.0183259	-0.192943	0.189927	0.0295941	0.326801	-0.282182
0.0855407	1.32102	0.115005	0.0575592	0.257032	-0.158298	-0.278249	-0.315215	-0.121941	0.0499459	-0.199027	0.192687	0.0389386	0.329459	-0.27477
0.0986074	1.29925	0.130857	0.05521	0.252055	-0.173426	-0.269694	-0.319671	-0.0954775	0.0818649	-0.203181	0.194652	0.0477064	0.331047	-0.265907
0.111302	1.27372	0.147242	0.0533881	0.245313	-0.188236	-0.259576	-0.323363	-0.0683843	0.11284	-0.206201	0.195653	0.0564126	0.331477	-0.25575
0.12382	1.24826	0.164263	0.0499612	0.238134	-0.202446	-0.248728	-0.32557	-0.0409272	0.142925	-0.210589	0.196278	0.0636439	0.330198	-0.245476
0.136303	1.22382	0.181061	0.0452885	0.231716	-0.216286	-0.238344	-0.327331	-0.0138255	0.172288	-0.216295	0.19717	0.0698295	0.32794	-0.236673
0.149885	1.20157	0.197117	0.0399012	0.226326	-0.229939	-0.229622	-0.329813	0.0123259	0.200921	-0.222265	0.200045	0.0766252	0.325102	-0.229999
0.163178	1.18306	0.211395	0.0341358	0.222286	-0.242799	-0.222421	-0.332197	0.0363455	0.227443	-0.228992	0.20388	0.0828799	0.322616	-0.225316
0.175558	1.16567	0.223991	0.0295807	0.21926	-0.254876	-0.216116	-0.334599	0.0586841	0.251547	-0.23615	0.207171	0.0884127	0.321627	-0.221867
0.18602	1.14733	0.234544	0.0258547	0.216769	-0.264891	-0.209901	-0.336402	0.0779528	0.271697	-0.242558	0.209033	0.0925921	0.320956	-0.218685
0.194565	1.12735	0.242856	0.0220481	0.214367	-0.271567	-0.20244	-0.337352	0.0926745	0.287329	-0.247021	0.208846	0.0942403	0.319823	-0.214992
0.201145	1.10509	0.249514	0.018874	0.21085	-0.275118	-0.192692	-0.337149	0.10302	0.297915	-0.248379	0.206298	0.0939076	0.318022	-0.209375
0.205935	1.08321	0.254474	0.0151237	0.206932	-0.27608	-0.182686	-0.336681	0.109352	0.304694	-0.246589	0.203855	0.0928696	0.313935	-0.203454
0.209054	1.06519	0.258704	0.009747	0.203817	-0.274788	-0.172845	-0.335215	0.112297	0.307315	-0.244652	0.200697	0.0904431	0.308812	-0.198002
0.210696	1.05292	0.262087	0.00417041	0.201883	-0.272592	-0.164547	-0.333954	0.112824	0.307058	-0.242764	0.197822	0.0879926	0.303783	-0.194066
0.211929	1.04603	0.265175	-0.000313718	0.19994	-0.271425	-0.157798	-0.332919	0.114001	0.306946	-0.241807	0.195748	0.0863637	0.299507	-0.190946
0.21279	1.04289	0.267433	-0.00288835	0.197827	-0.271036	-0.152692	-0.33235	0.115309	0.306904	-0.240959	0.194488	0.0856452	0.296488	-0.188478
0.213564	1.04191	0.269196	-0.00465712	0.195967	-0.270798	-0.148598	-0.33228	0.11623	0.306956	-0.240173	0.193585	0.0851586	0.294472	-0.186827
0.214081	1.04255	0.270498	-0.00631279	0.194524	-0.270548	-0.145702	-0.33257	0.116677	0.307215	-0.239276	0.19324	0.0848748	0.292533	-0.185966
0.213893	1.0448	0.271281	-0.00738659	0.193258	-0.270178	-0.143658	-0.332866	0.116576	0.307082	-0.238326	0.192882	0.0844105	0.290964	-0.185542
0.213809	1.04553	0.271608	-0.00789821	0.192415	-0.269759	-0.142398	-0.334047	0.115871	0.307027	-0.236485	0.193004	0.08459	0.289741	-0.185767
0.214103	1.04707	0.271936	-0.00903001	0.192251	-0.269383	-0.14182	-0.335229	0.115008	0.307595	-0.235078	0.193675	0.0847622	0.288681	-0.18636
0.214889	1.04827	0.272339	-0.0102882	0.192404	-0.269328	-0.141733	-0.336202	0.114674	0.308949	-0.23424	0.194683	0.0850748	0.287864	-0.186858
0.215774	1.04903	0.272446	-0.0112746	0.192674	-0.269566	-0.142267	-0.337065	0.114809	0.310826	-0.233743	0.196033	0.0856082	0.287187	-0.187338
0.217063	1.04941	0.272468	-0.0124148	0.193049	-0.26996	-0.142806	-0.337401	0.115173	0.313187	-0.233626	0.19744	0.0858876	0.286681	-0.187447
