0.243922	0.572164	0.285727	0.0234402	0.0984247	-0.186869	0.0197479	-0.254638	0.0943303	0.24632	-0.108221	0.0638626	0.0681843	0.315154	-0.0356035
0.244312	0.571772	0.285758	0.023063	0.0987022	-0.187034	0.0196033	-0.254767	0.0945623	0.246982	-0.108613	0.064007	0.0682462	0.315197	-0.0358482
0.244796	0.571451	0.28585	0.022563	0.0990444	-0.187236	0.0194664	-0.254851	0.0948367	0.247778	-0.109097	0.064191	0.0682698	0.315211	-0.0360985
0.245207	0.570662	0.285637	0.021555	0.099519	-0.187184	0.0190933	-0.255174	0.0949507	0.248863	-0.109401	0.0647721	0.0681993	0.314498	-0.0366769
0.245725	0.56897	0.284574	0.0199064	0.0998751	-0.186629	0.0185291	-0.255758	0.0943484	0.250146	-0.108883	0.0660953	0.067983	0.312344	-0.037397
0.244681	0.567261	0.281394	0.0216562	0.0999743	-0.187072	0.0163131	-0.258009	0.094024	0.252425	-0.107294	0.0677984	0.0675114	0.310709	-0.0385274
0.24316	0.568539	0.276512	0.0265654	0.100574	-0.18801	0.0119156	-0.26274	0.092216	0.253889	-0.104389	0.0706156	0.0672644	0.310351	-0.0407721
0.239917	0.577538	0.270184	0.0337509	0.101241	-0.188183	0.00575977	-0.266969	0.0866246	0.248767	-0.100961	0.0739629	0.067622	0.310616	-0.0428876
0.23167	0.597456	0.260841	0.0418989	0.10313	-0.18633	-0.00371825	-0.270828	0.0758511	0.236319	-0.0974856	0.0776729	0.0668022	0.309535	-0.046856
0.219013	0.632474	0.249279	0.0486683	0.107539	-0.182563	-0.0168513	-0.27449	0.0598041	0.218288	-0.0956137	0.0825314	0.0638069	0.307043	-0.0535932
0.202845	0.683915	0.236166	0.0513681	0.116893	-0.176837	-0.0345053	-0.279334	0.0383165	0.1974	-0.0960551	0.0895703	0.0586463	0.302993	-0.0649861
0.184001	0.748878	0.221221	0.0493487	0.131271	-0.167428	-0.055819	-0.284933	0.00967334	0.172915	-0.0980066	0.0976476	0.0510209	0.298915	-0.0815787
0.162695	0.823174	0.203683	0.0440912	0.148818	-0.154635	-0.0799973	-0.289871	-0.0246543	0.144939	-0.100858	0.106219	0.0412215	0.294565	-0.102566
0.140052	0.902914	0.183326	0.0385279	0.167322	-0.139503	-0.106503	-0.29337	-0.0630225	0.113043	-0.103789	0.115377	0.0303804	0.290737	-0.127032
0.116788	0.983742	0.159996	0.0353965	0.184974	-0.123274	-0.134874	-0.295194	-0.10302	0.0772408	-0.106127	0.125103	0.019787	0.287531	-0.153877
0.0929783	1.06144	0.133941	0.0372341	0.199195	-0.106809	-0.163548	-0.294863	-0.1427	0.0372592	-0.106831	0.134487	0.0099899	0.285112	-0.180727
0.0706259	1.12912	0.107416	0.0441699	0.209441	-0.0916798	-0.190055	-0.292925	-0.179198	-0.00393398	-0.105741	0.14252	0.00214534	0.284053	-0.205091
0.0509265	1.18428	0.0822287	0.053275	0.216498	-0.0777572	-0.212689	-0.289822	-0.211706	-0.0438347	-0.103618	0.148721	-0.00450004	0.283541	-0.225811
0.0355566	1.22354	0.0603288	0.0619372	0.220979	-0.0646173	-0.229141	-0.285232	-0.240265	-0.0810452	-0.100782	0.151897	-0.0103329	0.283587	-0.241438
0.0231458	1.24765	0.0412171	0.0696474	0.222864	-0.051908	-0.239669	-0.279166	-0.265001	-0.11486	-0.0966291	0.152305	-0.0158802	0.282956	-0.251661
0.0130153	1.26157	0.024253	0.0771109	0.222444	-0.040048	-0.246113	-0.271929	-0.28678	-0.145613	-0.0911182	0.151276	-0.0203049	0.281871	-0.257401
0.0048154	1.26644	0.00988269	0.0836965	0.219527	-0.0291042	-0.248173	-0.263447	-0.305732	-0.172913	-0.0842113	0.148793	-0.0241494	0.27982	-0.258229
-0.0025618	1.26761	-0.00235353	0.089587	0.215755	-0.0195038	-0.247748	-0.254596	-0.321968	-0.196635	-0.0777572	0.145205	-0.02828	0.2778	-0.256794
-0.00980715	1.26516	-0.0119459	0.0938939	0.212133	-0.0107092	-0.245197	-0.246348	-0.335408	-0.217218	-0.0727544	0.140045	-0.0335319	0.275804	-0.254314
-0.0147067	1.26088	-0.0172139	0.0934955	0.211557	-0.00312202	-0.24137	-0.240277	-0.345052	-0.232451	-0.0721833	0.134253	-0.0401217	0.274188	-0.253535
-0.0162837	1.2577	-0.017358	0.0869878	0.215036	0.00242271	-0.23729	-0.236681	-0.349951	-0.239907	-0.0766475	0.129315	-0.0471643	0.27274	-0.253879
-0.0167378	1.26083	-0.0156583	0.078803	0.21949	0.00589535	-0.235269	-0.234101	-0.352012	-0.243684	-0.0831634	0.126927	-0.05316	0.270522	-0.255069
-0.0154725	1.27075	-0.0115497	0.0679195	0.225876	0.00648605	-0.234644	-0.233553	-0.350625	-0.241603	-0.0932398	0.127279	-0.0587372	0.267865	-0.258762
-0.0134056	1.2798	-0.0076573	0.0592709	0.230664	0.00483492	-0.235225	-0.233763	-0.347238	-0.235712	-0.101375	0.129312	-0.0614159	0.265874	-0.261359
-0.0100699	1.29771	-0.00437779	0.0517688	0.235265	0.000270455	-0.238707	-0.236231	-0.34244	-0.22636	-0.108844	0.13584	-0.0614467	0.262811	-0.266965
-0.00670086	1.32254	-0.00234905	0.0469559	0.238931	-0.00604351	-0.244916	-0.240346	-0.337298	-0.216393	-0.114735	0.145501	-0.0588301	0.259454	-0.274504
-0.00399361	1.3527	-0.00202217	0.0449948	0.242175	-0.0138845	-0.255035	-0.245747	-0.331608	-0.205912	-0.119774	0.158332	-0.0535096	0.256537	-0.283765
-0.0027134	1.37797	-0.00348239	0.0474544	0.243846	-0.0209211	-0.265526	-0.250944	-0.327504	-0.198881	-0.121512	0.17027	-0.0465564	0.255583	-0.291935
-0.00365116	1.39767	-0.0069443	0.0532078	0.242539	-0.0262982	-0.274928	-0.253763	-0.324697	-0.195582	-0.120662	0.180003	-0.0403652	0.254816	-0.297776
-0.00409126	1.39827	-0.00748101	0.0563398	0.24168	-0.0278154	-0.276945	-0.255491	-0.323237	-0.19394	-0.119279	0.181667	-0.0377668	0.256515	-0.298551
-0.00503772	1.39686	-0.00649941	0.0582307	0.241594	-0.029082	-0.277134	-0.255646	-0.320944	-0.192346	-0.12056	0.179924	-0.0371786	0.259291	-0.297768
-0.00368643	1.39628	-0.0042534	0.0576667	0.242891	-0.0308327	-0.277815	-0.256348	-0.318033	-0.18853	-0.122674	0.179747	-0.0364086	0.261417	-0.297543
-0.00298301	1.39642	-0.00112417	0.0567938	0.245847	-0.0334535	-0.279774	-0.258346	-0.313097	-0.182838	-0.127201	0.179371	-0.0356413	0.264711	-0.298291
0.00100175	1.39171	0.00578796	0.0518555	0.251746	-0.0369444	-0.280936	-0.262018	-0.305771	-0.173039	-0.133988	0.1789	-0.03409	0.268554	-0.298355
0.00850836	1.38502	0.0149205	0.0456151	0.258434	-0.0417948	-0.281443	-0.266958	-0.297043	-0.16006	-0.140807	0.179194	-0.0308788	0.27333	-0.297461
0.0163082	1.37902	0.0234959	0.0401321	0.263	-0.0473885	-0.28157	-0.271887	-0.287326	-0.145608	-0.14618	0.180623	-0.0271637	0.276576	-0.296315
0.0249875	1.37091	0.0336275	0.0345892	0.266648	-0.0542294	-0.280302	-0.27692	-0.27544	-0.128443	-0.151876	0.181679	-0.0228217	0.280279	-0.293704
0.0339969	1.36186	0.0444341	0.0307679	0.26914	-0.0629846	-0.279102	-0.282146	-0.261329	-0.10907	-0.156984	0.183059	-0.016799	0.284498	-0.290543
0.0440831	1.35128	0.0568425	0.0268016	0.270346	-0.0728578	-0.27629	-0.288242	-0.245479	-0.0874568	-0.160642	0.185136	-0.00937006	0.287703	-0.286152
0.0542374	1.34188	0.0703895	0.0238055	0.27045	-0.0844117	-0.273363	-0.29422	-0.227005	-0.0642882	-0.164952	0.187558	-0.000944881	0.290883	-0.281361
0.064073	1.33037	0.0843648	0.0216735	0.269298	-0.0970454	-0.269645	-0.300061	-0.206543	-0.0396402	-0.168861	0.189866	0.0081219	0.293415	-0.275671
0.0747419	1.31792	0.099407	0.019554	0.267202	-0.110823	-0.265174	-0.305831	-0.183892	-0.0127243	-0.173312	0.192507	0.01747	0.2959	-0.269447
0.0855374	1.30386	0.114716	0.0180531	0.263757	-0.12513	-0.259942	-0.311166	-0.16001	0.0153407	-0.177459	0.195115	0.0267217	0.298061	-0.262831
0.0969699	1.28811	0.130962	0.016221	0.259439	-0.140119	-0.253507	-0.316411	-0.134333	0.0450801	-0.181798	0.197736	0.0358917	0.299434	-0.255625
0.108278	1.26949	0.147398	0.0147065	0.254304	-0.155251	-0.246231	-0.32119	-0.107686	0.0751704	-0.186341	0.199607	0.0445733	0.30077	-0.248278
0.119574	1.24947	0.164381	0.0141845	0.248505	-0.170615	-0.237771	-0.325266	-0.0802141	0.104912	-0.191952	0.199942	0.0523065	0.303461	-0.240561
0.130511	1.22738	0.180985	0.0152487	0.242211	-0.185449	-0.229352	-0.32893	-0.0533298	0.132789	-0.197372	0.199338	0.0598933	0.307418	-0.233024
0.140339	1.20263	0.196591	0.0161709	0.235834	-0.198449	-0.220927	-0.332025	-0.0281592	0.157819	-0.202052	0.198151	0.0667791	0.31032	-0.225874
0.149836	1.17796	0.211442	0.0154874	0.229562	-0.210239	-0.212804	-0.334233	-0.00420374	0.181534	-0.206549	0.197729	0.0729043	0.311126	-0.219136
0.158992	1.15565	0.22545	0.0142074	0.223858	-0.221373	-0.205299	-0.335859	0.0181951	0.203957	-0.211148	0.197864	0.0781948	0.31139	-0.213367
0.167772	1.13564	0.23809	0.0131679	0.218479	-0.232114	-0.19845	-0.337214	0.039007	0.225311	-0.215404	0.198679	0.0830755	0.311653	-0.208696
0.176375	1.11859	0.249201	0.011342	0.213615	-0.24221	-0.192309	-0.337987	0.058428	0.246125	-0.220109	0.20021	0.0869689	0.311316	-0.205128
0.184709	1.10301	0.258957	0.00904707	0.209283	-0.251643	-0.186182	-0.338257	0.0769667	0.266758	-0.225412	0.201369	0.0893098	0.31104	-0.202229
0.19249	1.08985	0.267588	0.00655512	0.205965	-0.260241	-0.181036	-0.338098	0.0943091	0.285977	-0.231578	0.202269	0.0908676	0.31129	-0.200071
0.199636	1.07774	0.275368	0.00414114	0.203286	-0.267671	-0.176163	-0.337641	0.109933	0.302724	-0.237509	0.202731	0.0921285	0.311596	-0.197944
0.20617	1.06716	0.282356	0.000452535	0.201481	-0.273518	-0.171605	-0.336854	0.123241	0.316832	-0.243195	0.203202	0.0929449	0.310938	-0.196065
0.211096	1.05831	0.287929	-0.00312614	0.199965	-0.277559	-0.167339	-0.335378	0.133792	0.327248	-0.24802	0.202893	0.092939	0.309877	-0.193848
0.215598	1.05075	0.293126	-0.00761355	0.198953	-0.280357	-0.16279	-0.333728	0.14264	0.335639	-0.252456	0.202259	0.0922781	0.308207	-0.191524
0.21921	1.04668	0.297374	-0.0122226	0.198141	-0.282449	-0.158597	-0.332084	0.149777	0.342408	-0.256218	0.20183	0.0913009	0.306	-0.189643
0.222691	1.04482	0.301141	-0.0168825	0.197508	-0.284374	-0.154745	-0.33062	0.155864	0.348328	-0.259634	0.201745	0.090579	0.303792	-0.188182
0.224886	1.04446	0.303649	-0.0201714	0.197095	-0.286547	-0.152176	-0.330058	0.1614	0.3541	-0.262705	0.20192	0.0900933	0.302009	-0.188001
0.22638	1.04447	0.305342	-0.0225309	0.196674	-0.288831	-0.150524	-0.330188	0.16672	0.359929	-0.265202	0.202376	0.0899398	0.300287	-0.18838
0.228843	1.04591	0.307136	-0.024508	0.19625	-0.291064	-0.149311	-0.330788	0.171353	0.365384	-0.267346	0.203266	0.090389	0.299268	-0.188975
0.232079	1.04744	0.30922	-0.0266811	0.196096	-0.293091	-0.148233	-0.331737	0.17506	0.370005	-0.269022	0.204566	0.0916255	0.298463	-0.189654
0.234601	1.04915	0.310839	-0.0287684	0.195892	-0.294835	-0.147316	-0.332377	0.177984	0.373686	-0.270274	0.205895	0.092792	0.297264	-0.190166
