-0.246672	0.215988	-0.171262	0.0944929	-0.0551432	0.0563495	0.0645046	0.0619616	-0.0807385	-0.106898	0.0470646	-0.1112	-0.197389	-0.0549137	0.0514067
-0.247074	0.213304	-0.171613	0.089396	-0.0550741	0.0599465	0.0657341	0.0630036	-0.0851121	-0.112431	0.0511518	-0.108209	-0.193628	-0.0622266	0.0530863
-0.242448	0.210099	-0.169212	0.0782066	-0.0556055	0.0654017	0.0698601	0.0673756	-0.0918827	-0.121626	0.0590539	-0.101931	-0.185816	-0.0757963	0.0583345
-0.229939	0.210212	-0.164792	0.0615552	-0.0597196	0.0718038	0.0772798	0.0752275	-0.100001	-0.130999	0.0721649	-0.0903692	-0.173594	-0.0951098	0.0677101
-0.214909	0.213477	-0.163449	0.049245	-0.0705583	0.0771287	0.0839462	0.0827603	-0.108485	-0.138366	0.0913143	-0.073625	-0.156631	-0.11493	0.076652
-0.205205	0.217823	-0.169381	0.0456376	-0.0880968	0.0806779	0.0860993	0.0893378	-0.115919	-0.14351	0.11701	-0.0517799	-0.136147	-0.137653	0.0823248
-0.200503	0.224719	-0.181777	0.0495429	-0.110763	0.0826911	0.0852727	0.0953927	-0.123223	-0.148145	0.150904	-0.0240949	-0.111938	-0.165285	0.0847787
-0.193999	0.238883	-0.197394	0.0544766	-0.137308	0.0837638	0.084111	0.102563	-0.131389	-0.152633	0.193207	0.0118461	-0.0825209	-0.200638	0.0848729
-0.183832	0.261294	-0.21193	0.0526029	-0.162903	0.0863375	0.0853566	0.111901	-0.142822	-0.16317	0.241758	0.054745	-0.048057	-0.246517	0.081779
-0.167653	0.275195	-0.225431	0.0327455	-0.183191	0.0944287	0.0846753	0.122279	-0.155004	-0.174671	0.295617	0.107063	-0.00977723	-0.313793	0.0719669
-0.145512	0.282319	-0.238478	-0.00556499	-0.197777	0.108603	0.0806829	0.132459	-0.166165	-0.181343	0.355427	0.166119	0.0278377	-0.401943	0.055491
-0.115492	0.286512	-0.245015	-0.0525428	-0.208811	0.124811	0.0715339	0.143662	-0.172493	-0.185588	0.409523	0.224223	0.0645474	-0.493798	0.0379842
-0.0770576	0.282537	-0.241994	-0.111974	-0.216081	0.147411	0.0602625	0.156911	-0.176419	-0.191286	0.460568	0.278001	0.0978631	-0.591092	0.0246253
-0.0318889	0.265329	-0.22849	-0.192816	-0.21419	0.179543	0.04929	0.170421	-0.180799	-0.199708	0.510292	0.326878	0.127419	-0.698353	0.013123
0.0149753	0.243509	-0.208133	-0.288131	-0.206882	0.219757	0.0380471	0.18549	-0.184431	-0.20878	0.560171	0.369084	0.150757	-0.811613	0.0047515
0.0590507	0.217937	-0.181356	-0.394782	-0.195489	0.266986	0.0259126	0.203434	-0.187713	-0.220104	0.607604	0.401897	0.166764	-0.928485	0.00115453
0.0983175	0.197217	-0.151153	-0.500278	-0.182962	0.314169	0.0125627	0.223603	-0.188361	-0.230425	0.647633	0.424343	0.176696	-1.03741	0.00274348
0.131408	0.178115	-0.118712	-0.600409	-0.167504	0.357955	-0.00192009	0.244764	-0.18579	-0.239304	0.67608	0.435866	0.181407	-1.1331	0.0075935
0.15944	0.168537	-0.0846241	-0.698265	-0.152176	0.398071	-0.0166396	0.269162	-0.177716	-0.24312	0.69008	0.43878	0.178165	-1.21893	0.0153599
0.181102	0.171706	-0.0553627	-0.791864	-0.139402	0.433702	-0.0312366	0.296034	-0.167361	-0.239395	0.69337	0.43707	0.165265	-1.2985	0.0238497
0.199684	0.180158	-0.0255435	-0.894801	-0.128346	0.468047	-0.0399058	0.327694	-0.154418	-0.229148	0.68638	0.431598	0.142773	-1.38484	0.0371882
0.215125	0.17238	0.00210378	-1.0089	-0.1236	0.501332	-0.03979	0.362032	-0.136178	-0.207656	0.6752	0.425467	0.113088	-1.48986	0.0590408
0.226516	0.158937	0.0196768	-1.13798	-0.126351	0.537964	-0.030528	0.402199	-0.120955	-0.17519	0.667847	0.429863	0.0758795	-1.62611	0.0886291
0.233862	0.132099	0.0299698	-1.27277	-0.131582	0.576234	-0.0110131	0.443576	-0.107796	-0.129483	0.664621	0.440479	0.0302217	-1.78079	0.120987
0.235607	0.0935253	0.0344115	-1.41311	-0.138127	0.616478	0.018699	0.487999	-0.0986369	-0.0787453	0.666032	0.460337	-0.0210828	-1.95714	0.154201
0.234079	0.0430819	0.0458224	-1.54292	-0.140781	0.658559	0.0461266	0.531365	-0.0919358	-0.0478373	0.669156	0.485001	-0.0613128	-2.13931	0.183101
0.244054	-0.00191985	0.0716099	-1.63715	-0.138711	0.691595	0.0652289	0.571563	-0.0822057	-0.0400173	0.662556	0.511381	-0.0790076	-2.28561	0.208555
0.252575	-0.0131622	0.0842016	-1.66317	-0.140097	0.698694	0.0701535	0.598473	-0.0722137	-0.0353205	0.644277	0.519832	-0.0859473	-2.33293	0.221294
0.250877	0.000262581	0.0867324	-1.67275	-0.14259	0.690517	0.0815642	0.60824	-0.0567612	-0.0125604	0.62565	0.511917	-0.102239	-2.32633	0.235129
0.234766	0.00452053	0.0800396	-1.64892	-0.138943	0.678288	0.0888363	0.593529	-0.0573545	-0.0107196	0.613084	0.492309	-0.110136	-2.25985	0.235851
0.223662	0.0143615	0.0715227	-1.59896	-0.135229	0.657842	0.0892616	0.575502	-0.0595364	-0.0164171	0.602973	0.472785	-0.104892	-2.16855	0.233489
0.215285	0.0432971	0.0608179	-1.53326	-0.138417	0.630836	0.0855265	0.555371	-0.0595739	-0.0261001	0.593355	0.459412	-0.0863535	-2.07382	0.227125
0.208041	0.0747827	0.0439307	-1.44681	-0.146287	0.600319	0.0770507	0.529798	-0.0641466	-0.0385946	0.594615	0.449854	-0.0609388	-1.96872	0.212608
0.211074	0.103467	0.0296752	-1.35773	-0.15337	0.568007	0.0697379	0.506018	-0.0689463	-0.0494347	0.600269	0.445052	-0.0320033	-1.86421	0.198839
0.217432	0.132743	0.0168342	-1.25712	-0.159914	0.534443	0.0592452	0.47838	-0.0761543	-0.0678675	0.607524	0.444753	0.00429827	-1.75119	0.180377
0.221135	0.164527	0.00511369	-1.14337	-0.164106	0.499928	0.0444368	0.450543	-0.0848597	-0.0972987	0.613878	0.443374	0.0447765	-1.62791	0.157063
0.226127	0.19641	-0.00827958	-1.02776	-0.166468	0.466427	0.0299193	0.421911	-0.0974983	-0.129201	0.625437	0.444286	0.0857903	-1.50736	0.13106
0.231181	0.222266	-0.0211004	-0.914059	-0.166674	0.433619	0.017679	0.3906	-0.111887	-0.160629	0.635735	0.448896	0.126371	-1.39289	0.104074
0.229093	0.243993	-0.0372576	-0.802385	-0.168114	0.399885	0.00821897	0.359306	-0.124706	-0.186562	0.641458	0.454773	0.161119	-1.28672	0.0785353
0.216653	0.265067	-0.0595815	-0.69263	-0.171518	0.365491	0.00179142	0.326977	-0.136745	-0.203681	0.643733	0.458883	0.185676	-1.1879	0.0542413
0.197825	0.282815	-0.0850234	-0.589104	-0.176503	0.330173	-0.00113153	0.294782	-0.146035	-0.209701	0.638166	0.459724	0.19995	-1.09493	0.0333647
0.173963	0.299873	-0.112159	-0.489373	-0.183121	0.292218	0.000408927	0.263945	-0.151603	-0.204833	0.622857	0.454434	0.204106	-1.00169	0.017484
0.143487	0.320048	-0.139228	-0.389043	-0.191122	0.252506	0.00416823	0.234341	-0.153104	-0.195197	0.59878	0.440561	0.199954	-0.903283	0.00674506
0.10899	0.341911	-0.161565	-0.292808	-0.197064	0.211949	0.0105948	0.206311	-0.150593	-0.18295	0.564477	0.417668	0.188832	-0.800163	0.00147799
0.0692924	0.363308	-0.180319	-0.199465	-0.201684	0.172199	0.0195858	0.179246	-0.146518	-0.171588	0.524607	0.385094	0.172059	-0.692625	0.00132848
0.0306535	0.378092	-0.190012	-0.124311	-0.20388	0.137281	0.03171	0.157148	-0.136486	-0.157665	0.478088	0.344906	0.149577	-0.594103	0.00909477
-0.00645255	0.38761	-0.196194	-0.0669779	-0.205249	0.1078	0.0465209	0.140804	-0.125442	-0.138481	0.428482	0.299105	0.118225	-0.506157	0.0223524
-0.03943	0.385289	-0.199372	-0.0324564	-0.207092	0.0859628	0.0616699	0.131481	-0.112037	-0.113612	0.379447	0.250503	0.0803793	-0.438957	0.0400254
-0.0698461	0.375993	-0.202339	-0.0122643	-0.20757	0.0702964	0.0733055	0.125899	-0.0992241	-0.0857456	0.331129	0.200706	0.0377402	-0.384488	0.0559332
-0.0921851	0.356699	-0.201231	-0.00306727	-0.204269	0.0621085	0.0797644	0.123738	-0.0887486	-0.0641359	0.286175	0.15375	-0.00138078	-0.341289	0.0691387
-0.107984	0.330604	-0.195543	-0.0078324	-0.196171	0.0619847	0.0846871	0.125786	-0.0821112	-0.052267	0.247447	0.112513	-0.036393	-0.313783	0.0815106
-0.122841	0.301837	-0.187029	-0.0156751	-0.184853	0.0651672	0.0893917	0.127662	-0.0754988	-0.0462964	0.214169	0.0757301	-0.0685411	-0.293461	0.0930657
-0.137918	0.280751	-0.177172	-0.0153527	-0.168793	0.0675729	0.0913805	0.126254	-0.0704119	-0.0480595	0.18259	0.0441975	-0.0937675	-0.267169	0.100132
-0.156276	0.264606	-0.172219	-0.00227915	-0.150848	0.0682595	0.0909091	0.119784	-0.0692648	-0.0561686	0.157601	0.0157886	-0.11349	-0.234001	0.101096
-0.173579	0.248374	-0.169117	0.010084	-0.13334	0.0678562	0.0894835	0.111408	-0.0674877	-0.0627093	0.135187	-0.0102607	-0.131621	-0.20516	0.099543
-0.18604	0.234594	-0.161955	0.0131017	-0.113855	0.0669692	0.0891454	0.105187	-0.0607073	-0.066359	0.109561	-0.0326584	-0.1492	-0.185836	0.0982451
-0.199661	0.225089	-0.155698	0.0129094	-0.0938562	0.0670788	0.0873799	0.0995939	-0.0542725	-0.0716228	0.0830144	-0.0533092	-0.16792	-0.172309	0.0934679
-0.211947	0.221303	-0.151643	0.0167317	-0.076383	0.0657375	0.0840611	0.0944683	-0.0499802	-0.0767104	0.058249	-0.0717095	-0.184607	-0.155422	0.0861652
-0.22635	0.219396	-0.151017	0.0225799	-0.0626125	0.063768	0.0803845	0.0924651	-0.0464499	-0.0799108	0.0377869	-0.0876378	-0.20041	-0.140395	0.0784715
-0.240785	0.21659	-0.151916	0.0296706	-0.0508866	0.0622443	0.0758515	0.0918898	-0.0442443	-0.0825283	0.0201032	-0.101741	-0.213689	-0.124338	0.0701516
-0.256588	0.213728	-0.15562	0.0440786	-0.0432922	0.0615957	0.0691061	0.0919813	-0.0452949	-0.0898838	0.00658257	-0.115462	-0.224038	-0.104457	0.0631452
-0.274275	0.210024	-0.16337	0.0617988	-0.0403558	0.061825	0.0619312	0.0925053	-0.0489781	-0.0979414	-0.00182582	-0.127918	-0.234708	-0.0860365	0.0572248
-0.29037	0.206782	-0.171803	0.0775088	-0.0385819	0.0619588	0.0552233	0.0923977	-0.0527642	-0.10298	-0.00715853	-0.138329	-0.244546	-0.0710664	0.0519016
-0.302998	0.205131	-0.179888	0.0928918	-0.0377379	0.0612464	0.0491973	0.0899066	-0.0563644	-0.105974	-0.00873698	-0.146207	-0.251005	-0.0581349	0.0466112
-0.312544	0.20663	-0.186546	0.1067	-0.0381203	0.0598116	0.0440836	0.0867884	-0.0586361	-0.108474	-0.00868811	-0.151797	-0.253945	-0.0483439	0.0423721
-0.318379	0.208191	-0.191288	0.117419	-0.0395578	0.0574546	0.0407434	0.0837309	-0.0588049	-0.108553	-0.00714489	-0.154285	-0.253795	-0.0424618	0.0397493
-0.322317	0.209317	-0.195425	0.127653	-0.0426603	0.0543725	0.0387275	0.0806046	-0.0585371	-0.107848	-0.00342043	-0.155039	-0.2515	-0.0386126	0.0381811
-0.324733	0.210225	-0.198732	0.137642	-0.0475411	0.0509352	0.0379474	0.0781487	-0.0579184	-0.107336	0.00195757	-0.154901	-0.247484	-0.0357985	0.0380249
-0.325511	0.210979	-0.201216	0.146388	-0.0536213	0.0473499	0.0380716	0.0758681	-0.0565999	-0.105675	0.00853717	-0.153577	-0.241989	-0.0341497	0.0387053
-0.323916	0.211161	-0.202777	0.152455	-0.0598909	0.0438548	0.0391672	0.0735273	-0.0549726	-0.102527	0.0162688	-0.150561	-0.235166	-0.0345844	0.0399271
