-0.290637	-0.280373	-0.118313	0.150703	-0.221644	0.0241601	-0.0554425	0.235492	0.143086	-0.168461	-0.100285	-0.103252	-0.0147618	-0.131695	0.0607092
-0.290112	-0.283046	-0.119602	0.146507	-0.219185	0.0265271	-0.0551003	0.23339	0.139969	-0.167666	-0.0967927	-0.100565	-0.0155013	-0.13513	0.0591284
-0.290275	-0.286899	-0.120524	0.141724	-0.216726	0.0293161	-0.056015	0.231008	0.138227	-0.166418	-0.0937397	-0.0975781	-0.0158445	-0.139764	0.0571335
-0.28999	-0.292219	-0.11979	0.137833	-0.214124	0.0319427	-0.0581462	0.228655	0.137275	-0.166678	-0.0918762	-0.094977	-0.0145939	-0.143059	0.054927
-0.288839	-0.301124	-0.11673	0.137699	-0.211027	0.0328373	-0.0610602	0.225046	0.137125	-0.168732	-0.0913064	-0.0933815	-0.0106173	-0.140551	0.0520919
-0.285365	-0.316731	-0.111349	0.137988	-0.2072	0.0319774	-0.064738	0.219602	0.139064	-0.169172	-0.0912832	-0.0904765	-0.00329434	-0.136072	0.0484327
-0.279097	-0.3406	-0.10371	0.136655	-0.203505	0.029567	-0.0689697	0.212498	0.144851	-0.164947	-0.0915312	-0.0854947	0.00650479	-0.132762	0.0445505
-0.266707	-0.376492	-0.0933792	0.131981	-0.197255	0.0254039	-0.0741317	0.201447	0.153104	-0.154421	-0.0913294	-0.0768351	0.0205293	-0.129748	0.0387093
-0.247169	-0.42907	-0.079604	0.121636	-0.185528	0.0207068	-0.0807965	0.184012	0.161844	-0.136968	-0.0901419	-0.0642694	0.03869	-0.12647	0.0292553
-0.220399	-0.501778	-0.0634264	0.107539	-0.167008	0.0145477	-0.0895361	0.157824	0.169811	-0.110635	-0.087822	-0.0482352	0.0604693	-0.11992	0.0150379
-0.187348	-0.597039	-0.0462686	0.0888472	-0.141028	0.00756236	-0.0993258	0.123463	0.174712	-0.0761081	-0.0836523	-0.0298712	0.0841113	-0.110181	-0.00347488
-0.142877	-0.718935	-0.0275691	0.0630845	-0.10557	0.000319851	-0.107721	0.0785033	0.173872	-0.0308858	-0.0750951	-0.00797993	0.109281	-0.0954843	-0.0274065
-0.0871964	-0.859108	-0.00922331	0.0350758	-0.0649793	-0.00633844	-0.114262	0.0263828	0.169286	0.0255069	-0.061149	0.0160787	0.133685	-0.0734059	-0.0536408
-0.0302853	-1.00444	0.0041256	0.00737312	-0.0275624	-0.0151189	-0.115835	-0.0225567	0.164747	0.0919358	-0.0429004	0.0404151	0.152329	-0.0547013	-0.0765249
0.0371919	-1.15117	0.0186418	-0.0267535	0.0109631	-0.0262686	-0.110182	-0.0702632	0.160349	0.170623	-0.020969	0.0682782	0.167253	-0.0385673	-0.0963651
0.107787	-1.29899	0.037441	-0.0647244	0.0521249	-0.0396211	-0.100266	-0.115154	0.156174	0.251543	8.37729e-05	0.0966437	0.180466	-0.0239558	-0.113054
0.182174	-1.44333	0.0602694	-0.110007	0.0883601	-0.0529982	-0.0829699	-0.152287	0.162421	0.338148	0.0219187	0.125881	0.190259	-0.0204431	-0.121174
0.25312	-1.57759	0.0816218	-0.147049	0.1151	-0.0657845	-0.0641667	-0.186885	0.175328	0.422328	0.046835	0.152112	0.200191	-0.0161943	-0.125354
0.316466	-1.68874	0.100505	-0.172489	0.136686	-0.080934	-0.0447825	-0.218084	0.190417	0.502297	0.0701421	0.172537	0.207341	-0.00564241	-0.126275
0.374413	-1.77445	0.117448	-0.200943	0.154691	-0.094037	-0.0233755	-0.23997	0.204134	0.574715	0.0897928	0.191127	0.210907	-0.00270394	-0.12362
0.425045	-1.84196	0.130694	-0.228889	0.166984	-0.10375	-0.00183031	-0.253442	0.215644	0.635889	0.107396	0.209173	0.213195	-0.00744376	-0.118439
0.466473	-1.89669	0.142306	-0.249395	0.177989	-0.112576	0.0167511	-0.264324	0.225555	0.685339	0.120714	0.223154	0.215567	-0.00825124	-0.11327
0.497575	-1.93954	0.153236	-0.264019	0.187145	-0.120463	0.0319214	-0.27238	0.235161	0.722622	0.129875	0.233183	0.218036	-0.00837557	-0.107909
0.522676	-1.97332	0.16443	-0.277486	0.193153	-0.125979	0.0447379	-0.277463	0.24341	0.747839	0.13752	0.241461	0.222477	-0.0123359	-0.101426
0.539648	-1.99974	0.173946	-0.285805	0.197636	-0.129995	0.0535376	-0.282397	0.250548	0.764121	0.143534	0.246918	0.227162	-0.0151345	-0.095856
0.551319	-2.01992	0.183262	-0.289709	0.203496	-0.133552	0.0589169	-0.289065	0.255111	0.77378	0.146063	0.248725	0.2318	-0.0118573	-0.0922971
0.558439	-2.03508	0.190966	-0.295911	0.211766	-0.133269	0.0623384	-0.295815	0.255001	0.77658	0.146899	0.247681	0.234292	-0.00931926	-0.0911692
0.559977	-2.04684	0.193883	-0.299274	0.220227	-0.130988	0.0629639	-0.304784	0.251096	0.778754	0.147008	0.243649	0.231905	-0.00359874	-0.093493
0.560671	-2.05882	0.192515	-0.301599	0.227896	-0.127546	0.0638867	-0.313213	0.24295	0.78024	0.148709	0.23939	0.226997	0.0021172	-0.0976146
0.559895	-2.07118	0.187044	-0.301618	0.232358	-0.123818	0.0645356	-0.318898	0.233914	0.780722	0.151764	0.237116	0.220878	0.00564225	-0.10281
0.558677	-2.08287	0.179901	-0.298206	0.234866	-0.120664	0.0652153	-0.322717	0.223933	0.778659	0.154692	0.234962	0.215634	0.0110878	-0.10794
0.553772	-2.09073	0.172607	-0.294248	0.236303	-0.117115	0.063637	-0.324669	0.214267	0.772729	0.156299	0.233039	0.211411	0.0147936	-0.113809
0.547449	-2.09467	0.165105	-0.290214	0.23763	-0.113397	0.0610438	-0.326643	0.204852	0.765247	0.156905	0.230453	0.207748	0.0181693	-0.119772
0.539086	-2.09204	0.156108	-0.289237	0.239516	-0.107396	0.0575329	-0.32862	0.19317	0.757387	0.156142	0.227065	0.201227	0.0202332	-0.126901
0.52817	-2.08233	0.144956	-0.293255	0.243194	-0.0980494	0.0531815	-0.329695	0.177858	0.749145	0.153745	0.223125	0.190348	0.0194596	-0.135482
0.513096	-2.06322	0.130928	-0.297699	0.247868	-0.0854827	0.0464934	-0.329848	0.156785	0.735824	0.149577	0.217566	0.176205	0.0204309	-0.146393
0.492474	-2.03691	0.112301	-0.301602	0.253156	-0.0687809	0.0371978	-0.328828	0.128784	0.713951	0.145863	0.210807	0.159946	0.0207597	-0.15981
0.464663	-2.0048	0.0883584	-0.300697	0.258992	-0.0483562	0.0240251	-0.327323	0.0933388	0.680799	0.143309	0.201607	0.142686	0.0236743	-0.176264
0.431168	-1.96526	0.0603163	-0.297057	0.265469	-0.0248549	0.00683581	-0.324697	0.0518517	0.637908	0.1403	0.191137	0.124888	0.0274279	-0.195266
0.391377	-1.92088	0.0278853	-0.286197	0.271146	0.00056223	-0.0135574	-0.321669	0.00490185	0.584128	0.138736	0.178338	0.107882	0.0340068	-0.215687
0.347265	-1.87356	-0.0073867	-0.268712	0.275429	0.0257787	-0.0350026	-0.317719	-0.0441296	0.523835	0.137873	0.163435	0.0914257	0.0430204	-0.235789
0.302352	-1.82683	-0.0434183	-0.246391	0.276668	0.0500974	-0.0544739	-0.312422	-0.0928206	0.461133	0.13849	0.147034	0.0752204	0.0539798	-0.253325
0.255867	-1.78388	-0.0797929	-0.218926	0.275546	0.0735325	-0.0720792	-0.306411	-0.139411	0.397603	0.140758	0.128327	0.0588106	0.0669571	-0.267899
0.209399	-1.74623	-0.116603	-0.186512	0.270903	0.0960152	-0.0869496	-0.29989	-0.18414	0.335002	0.146392	0.108434	0.0420942	0.081703	-0.279331
0.163494	-1.71705	-0.152981	-0.150336	0.264122	0.117825	-0.0987713	-0.293784	-0.22684	0.274217	0.155942	0.087588	0.0254956	0.0973249	-0.287872
0.118726	-1.69443	-0.185628	-0.110607	0.255497	0.137481	-0.107873	-0.288039	-0.265315	0.214592	0.165819	0.064793	0.00996011	0.115884	-0.293243
0.0780285	-1.68223	-0.214399	-0.071272	0.246114	0.154509	-0.113058	-0.28408	-0.29946	0.162501	0.177167	0.0418071	-0.00572509	0.134908	-0.295483
0.0431508	-1.68082	-0.239297	-0.0352025	0.236102	0.16948	-0.113737	-0.281381	-0.330426	0.117481	0.191259	0.0206942	-0.0204097	0.151332	-0.294615
0.0114628	-1.68809	-0.261828	-0.00156621	0.226056	0.182772	-0.111914	-0.279469	-0.358574	0.077426	0.206986	0.000800642	-0.0340106	0.164859	-0.292108
-0.018264	-1.69696	-0.283481	0.0316743	0.217063	0.193539	-0.110457	-0.27956	-0.38382	0.0435804	0.221889	-0.0175847	-0.047548	0.179303	-0.290492
-0.0470024	-1.70562	-0.303541	0.0674215	0.208412	0.201643	-0.110227	-0.281508	-0.40521	0.012707	0.235544	-0.0350757	-0.0591061	0.196455	-0.289709
-0.0737366	-1.71191	-0.321776	0.101461	0.201032	0.207899	-0.10997	-0.284579	-0.423088	-0.0132391	0.247121	-0.0515101	-0.0705951	0.213706	-0.289536
-0.0989475	-1.71421	-0.340294	0.134188	0.194953	0.213082	-0.1103	-0.288527	-0.44019	-0.0353582	0.257166	-0.0667806	-0.0828937	0.23179	-0.290934
-0.122261	-1.71266	-0.3584	0.163737	0.190107	0.218536	-0.110141	-0.291599	-0.457056	-0.0558541	0.266205	-0.0810138	-0.0959041	0.248854	-0.292844
-0.144207	-1.70842	-0.374929	0.189499	0.186937	0.223917	-0.110724	-0.294028	-0.472593	-0.0747085	0.272654	-0.094611	-0.108823	0.264531	-0.295526
-0.161982	-1.70367	-0.388498	0.211285	0.185512	0.228148	-0.110579	-0.297411	-0.487078	-0.088982	0.276998	-0.107552	-0.121601	0.280474	-0.29799
-0.179003	-1.6981	-0.401159	0.230475	0.184283	0.231942	-0.109827	-0.300528	-0.499779	-0.100642	0.280706	-0.120008	-0.134491	0.293698	-0.299823
-0.194904	-1.68888	-0.411644	0.246843	0.183392	0.234294	-0.109814	-0.303618	-0.509776	-0.108836	0.281048	-0.13201	-0.14709	0.306586	-0.301383
-0.207945	-1.6741	-0.419808	0.257411	0.184531	0.236884	-0.110736	-0.306091	-0.518999	-0.115615	0.278691	-0.142054	-0.158757	0.317306	-0.30349
-0.219125	-1.65142	-0.425284	0.260857	0.188195	0.239669	-0.114156	-0.30671	-0.525039	-0.121637	0.272449	-0.149146	-0.168207	0.323164	-0.307259
-0.227578	-1.61879	-0.427486	0.259813	0.19424	0.241495	-0.120752	-0.306049	-0.527599	-0.12744	0.261717	-0.153134	-0.173986	0.326643	-0.312875
-0.236872	-1.58045	-0.428337	0.255462	0.202305	0.244347	-0.130012	-0.304513	-0.53058	-0.136596	0.249074	-0.155636	-0.178685	0.327078	-0.320701
-0.245164	-1.53925	-0.427728	0.249714	0.211441	0.246521	-0.140448	-0.302449	-0.533454	-0.147534	0.235412	-0.156479	-0.180488	0.326505	-0.329381
-0.252178	-1.49869	-0.425642	0.243118	0.219769	0.247608	-0.151142	-0.300625	-0.53454	-0.156553	0.22168	-0.155749	-0.180443	0.32501	-0.337273
-0.257262	-1.46407	-0.423424	0.238485	0.225857	0.247013	-0.160446	-0.298972	-0.533662	-0.163536	0.210323	-0.153573	-0.178043	0.323146	-0.343785
-0.261509	-1.43969	-0.421391	0.236241	0.228867	0.246157	-0.167037	-0.297014	-0.531738	-0.169648	0.202656	-0.151807	-0.175099	0.320906	-0.347491
-0.262341	-1.42937	-0.418806	0.234901	0.23012	0.245439	-0.169704	-0.295724	-0.530523	-0.173925	0.199257	-0.150496	-0.171944	0.319328	-0.348335
-0.26144	-1.43249	-0.416664	0.234443	0.229116	0.245295	-0.168678	-0.294501	-0.529859	-0.176823	0.200641	-0.149745	-0.169177	0.316755	-0.346206
-0.256092	-1.44891	-0.413562	0.234725	0.226781	0.244912	-0.164494	-0.294237	-0.52883	-0.176831	0.205349	-0.149074	-0.165383	0.316276	-0.341535
-0.246916	-1.47728	-0.410982	0.234769	0.222862	0.244194	-0.157914	-0.295169	-0.52717	-0.171552	0.214093	-0.146878	-0.161602	0.31515	-0.335427
