-0.0283646	-0.169322	-0.097784	-0.0745234	-0.0790748	-0.11241	0.103958	0.0874933	-0.0580438	-0.3074	0.173393	0.0121388	-0.237776	0.0297208	0.274413	0.068956	-0.105982	0.222849	-0.0110057	0.170973
-0.0282616	-0.168945	-0.0983598	-0.0743312	-0.077739	-0.112137	0.103696	0.0877602	-0.0577246	-0.306404	0.171285	0.012121	-0.236638	0.0298688	0.275515	0.0694295	-0.106025	0.222074	-0.0109086	0.171365
-0.0276612	-0.167992	-0.0991369	-0.0741596	-0.0764266	-0.11152	0.103348	0.0882006	-0.0570762	-0.305089	0.168795	0.0119841	-0.235585	0.0303153	0.277936	0.0683952	-0.105435	0.221409	-0.0109808	0.171456
-0.0266398	-0.166765	-0.100374	-0.0740697	-0.0748901	-0.110254	0.102822	0.0889315	-0.0561653	-0.303449	0.165692	0.0118085	-0.234349	0.0311399	0.281858	0.0664809	-0.104398	0.220807	-0.011268	0.171418
-0.0262323	-0.166016	-0.1029	-0.0746393	-0.0735889	-0.108537	0.101904	0.090242	-0.0547483	-0.302165	0.162717	0.0116912	-0.233639	0.0322218	0.28473	0.0655235	-0.103945	0.220888	-0.0122659	0.171987
-0.0264298	-0.166824	-0.1075	-0.0756499	-0.0718265	-0.106498	0.100167	0.0928914	-0.0524351	-0.300486	0.158543	0.0114164	-0.233104	0.034193	0.288802	0.0648755	-0.104522	0.221428	-0.013898	0.173185
-0.0239117	-0.165599	-0.109755	-0.074751	-0.0695731	-0.103692	0.0999025	0.0944136	-0.0499096	-0.300686	0.152478	0.00943909	-0.228969	0.0353925	0.301168	0.0569942	-0.102347	0.221414	-0.013601	0.176409
-0.0176225	-0.16182	-0.109941	-0.0733181	-0.0669392	-0.0970208	0.102042	0.0947404	-0.0464011	-0.302963	0.143041	0.00588098	-0.221278	0.0359772	0.326254	0.0434565	-0.096922	0.221504	-0.0123513	0.182097
-0.0086833	-0.154793	-0.108291	-0.0708062	-0.064555	-0.0857225	0.105286	0.09413	-0.04063	-0.304898	0.129254	0.00226318	-0.210923	0.0372203	0.367528	0.0236864	-0.0871544	0.221071	-0.01158	0.186858
0.00423367	-0.143527	-0.102944	-0.0659782	-0.0635936	-0.0716418	0.110096	0.0913518	-0.0331892	-0.304533	0.110762	-0.00269809	-0.196523	0.0386419	0.427524	-0.00753548	-0.0710756	0.218637	-0.0104528	0.189125
0.0241196	-0.128481	-0.0918683	-0.0561559	-0.0639967	-0.0568466	0.115241	0.0869384	-0.0246786	-0.300509	0.0862258	-0.0115254	-0.175692	0.0397592	0.506856	-0.0559253	-0.0482505	0.211689	-0.00752714	0.190355
0.0518144	-0.108612	-0.0744526	-0.0395913	-0.0642564	-0.0414138	0.12058	0.0790294	-0.0166435	-0.288022	0.0536135	-0.0250218	-0.145068	0.0408966	0.609267	-0.124002	-0.0171637	0.197187	-0.00197063	0.188605
0.0838032	-0.0882125	-0.0523994	-0.0171511	-0.0658689	-0.0315802	0.12262	0.0707007	-0.00941952	-0.267552	0.0175026	-0.0424452	-0.109597	0.0438868	0.72907	-0.205835	0.017729	0.175003	0.00468125	0.183755
0.116614	-0.0690887	-0.025641	0.0101486	-0.0696987	-0.0281512	0.120983	0.0617834	-0.00442445	-0.239099	-0.0196913	-0.0631168	-0.0712342	0.0487259	0.863164	-0.29455	0.0543758	0.145439	0.011453	0.176191
0.148449	-0.0512053	0.00403861	0.0401825	-0.0766423	-0.0317191	0.11953	0.0489388	-0.0038598	-0.202416	-0.0555587	-0.0868593	-0.0310347	0.0533902	1.00235	-0.387384	0.0926248	0.109964	0.0185717	0.164205
0.173342	-0.0329093	0.0354537	0.0689785	-0.0856149	-0.0356875	0.122164	0.0276606	-0.00727021	-0.16044	-0.0855689	-0.109639	0.0100113	0.0550671	1.14046	-0.479302	0.133488	0.0719566	0.024882	0.147575
0.188103	-0.0155189	0.0695632	0.0951175	-0.100518	-0.0387546	0.123019	0.000596264	-0.0098422	-0.117474	-0.104764	-0.128506	0.0481729	0.0559041	1.27423	-0.564138	0.173266	0.0348292	0.0273624	0.126538
0.198552	0.00299202	0.105097	0.122187	-0.115757	-0.0406715	0.121994	-0.0308249	-0.0152768	-0.0698613	-0.117993	-0.14702	0.08951	0.054441	1.39366	-0.645793	0.213091	-0.00461473	0.0294816	0.102934
0.204007	0.0167958	0.137633	0.147893	-0.130854	-0.0467672	0.119659	-0.0598625	-0.0220182	-0.0237278	-0.126345	-0.162924	0.126356	0.053089	1.49534	-0.714638	0.246322	-0.041897	0.0309883	0.0802158
0.20415	0.0271586	0.167563	0.170823	-0.145268	-0.0543053	0.118904	-0.0885042	-0.0311299	0.0214007	-0.130684	-0.175974	0.159709	0.0512284	1.58724	-0.770483	0.275149	-0.0759959	0.0326887	0.0570616
0.202533	0.0325996	0.197056	0.190911	-0.161176	-0.0672543	0.116217	-0.113751	-0.0412269	0.0597908	-0.129806	-0.189108	0.188107	0.0481372	1.66126	-0.819213	0.297719	-0.106529	0.0356102	0.0370044
0.201138	0.0352575	0.223682	0.206895	-0.176076	-0.0769413	0.114353	-0.136177	-0.0536072	0.0911651	-0.125811	-0.202395	0.213868	0.0432412	1.72542	-0.859445	0.315766	-0.131646	0.0394383	0.0227393
0.199063	0.039	0.251986	0.219916	-0.190745	-0.0841664	0.115633	-0.158543	-0.0673178	0.115341	-0.118361	-0.214659	0.237277	0.0348551	1.77691	-0.894977	0.331962	-0.153401	0.0446833	0.0121807
0.195107	0.0413547	0.279695	0.23018	-0.205385	-0.0901624	0.118062	-0.178657	-0.0774561	0.13436	-0.112117	-0.224836	0.256647	0.0260913	1.82257	-0.920306	0.343659	-0.173726	0.0490438	0.00378384
0.191197	0.0421957	0.302024	0.237422	-0.217056	-0.0945365	0.119211	-0.193512	-0.0835582	0.146779	-0.108315	-0.233236	0.271581	0.018609	1.85691	-0.937469	0.350558	-0.189019	0.0521658	-0.000306808
0.18761	0.0438341	0.316489	0.241608	-0.223291	-0.0957878	0.12024	-0.204341	-0.0868605	0.15627	-0.107682	-0.238924	0.282986	0.0132414	1.88211	-0.948785	0.355829	-0.200079	0.05354	-0.00266779
0.186458	0.0433523	0.323128	0.243621	-0.22499	-0.0962632	0.120502	-0.209735	-0.0900386	0.162944	-0.109423	-0.24364	0.290722	0.0107049	1.90117	-0.954804	0.358573	-0.207671	0.0548763	-0.00128095
0.185824	0.0431125	0.325276	0.244151	-0.224696	-0.096339	0.120885	-0.212965	-0.0929275	0.168319	-0.110977	-0.246511	0.295341	0.0104848	1.91381	-0.958009	0.360745	-0.21238	0.0558249	-0.000657033
0.184811	0.0422901	0.32499	0.244579	-0.224022	-0.0986558	0.120474	-0.214077	-0.0938368	0.172888	-0.112832	-0.247919	0.296825	0.0117495	1.92126	-0.959402	0.361445	-0.215109	0.0560768	-0.00149821
0.181734	0.0424412	0.321889	0.244401	-0.223965	-0.101187	0.12058	-0.213321	-0.0922872	0.175326	-0.113991	-0.247211	0.296215	0.013336	1.92395	-0.960261	0.361566	-0.21346	0.0545884	-0.00409808
0.179189	0.0423584	0.311122	0.243629	-0.219094	-0.0994936	0.114074	-0.20597	-0.089701	0.18129	-0.119043	-0.245068	0.293118	0.0189323	1.92033	-0.955379	0.360291	-0.211279	0.0502704	-0.00566797
0.177561	0.0432244	0.293152	0.241023	-0.208099	-0.091838	0.102607	-0.192371	-0.0860975	0.187882	-0.127826	-0.240749	0.287153	0.0281011	1.90774	-0.943472	0.357747	-0.206898	0.0439132	-0.00542696
0.179271	0.042528	0.2682	0.235124	-0.19032	-0.0811196	0.0896222	-0.173133	-0.0825252	0.191665	-0.141733	-0.236916	0.278855	0.0398251	1.89021	-0.924191	0.352149	-0.200166	0.0382931	-3.42546e-05
0.183531	0.0388764	0.235935	0.225957	-0.166737	-0.0686769	0.0753298	-0.148505	-0.080507	0.193397	-0.160194	-0.234181	0.268104	0.054109	1.86885	-0.895416	0.342604	-0.191575	0.0337311	0.0108474
0.189943	0.0321083	0.195358	0.212886	-0.138063	-0.0555095	0.0627158	-0.118687	-0.0785404	0.190724	-0.183291	-0.231743	0.254553	0.0706002	1.84014	-0.857334	0.329032	-0.179465	0.0303295	0.0277083
0.197175	0.0227274	0.15057	0.197697	-0.106861	-0.0446909	0.0498835	-0.0850583	-0.0747533	0.186018	-0.208866	-0.229969	0.238334	0.0884685	1.80535	-0.815171	0.311776	-0.164335	0.0270428	0.0468121
0.204297	0.0117088	0.103954	0.181069	-0.0742185	-0.0359106	0.0370521	-0.0498111	-0.0714249	0.182095	-0.235361	-0.229109	0.221095	0.106703	1.767	-0.769916	0.292604	-0.148531	0.0243559	0.0660009
0.211228	-0.00178969	0.0571765	0.163265	-0.0412636	-0.0295494	0.0245799	-0.0133537	-0.0683469	0.176808	-0.261739	-0.22864	0.201874	0.124712	1.72381	-0.721207	0.27099	-0.132124	0.0225994	0.0867518
0.218024	-0.0185636	0.0111191	0.144698	-0.00917861	-0.0279952	0.0144774	0.0227207	-0.0678113	0.17065	-0.287212	-0.230262	0.182313	0.141418	1.6793	-0.671358	0.247353	-0.115722	0.0232049	0.109678
0.225752	-0.0389298	-0.0334738	0.126144	0.0221962	-0.0320017	0.00671774	0.0580644	-0.0701458	0.163589	-0.311494	-0.234956	0.163404	0.156282	1.63639	-0.622852	0.221996	-0.0999056	0.0265341	0.135434
0.232922	-0.062505	-0.0776849	0.106793	0.0527336	-0.0404708	0.00125756	0.0923178	-0.0748201	0.156021	-0.334197	-0.241857	0.144793	0.17001	1.59817	-0.574843	0.195346	-0.0846399	0.0314882	0.163286
0.238713	-0.0893237	-0.121346	0.0858792	0.0815361	-0.0506757	-0.00134039	0.124766	-0.082746	0.146565	-0.353725	-0.250448	0.126839	0.182244	1.56724	-0.525227	0.167861	-0.0687539	0.0376532	0.193727
0.244413	-0.117523	-0.161738	0.0657201	0.108587	-0.0627858	-0.00121439	0.154919	-0.0928546	0.134838	-0.371125	-0.261003	0.110864	0.191695	1.54034	-0.478462	0.140858	-0.0541728	0.0454077	0.227624
0.250121	-0.146592	-0.198997	0.0472425	0.133289	-0.0763182	0.00120726	0.18219	-0.105899	0.123505	-0.386837	-0.273633	0.0979048	0.199059	1.5221	-0.435583	0.115586	-0.0423275	0.0542706	0.262938
0.256237	-0.175501	-0.234427	0.0310128	0.15566	-0.0925569	0.00467123	0.207317	-0.119789	0.113826	-0.401411	-0.287528	0.0874371	0.205699	1.50943	-0.398168	0.0922625	-0.0327851	0.0634554	0.296976
0.263022	-0.203236	-0.267439	0.0179872	0.175037	-0.111613	0.00730177	0.230774	-0.132773	0.107124	-0.415319	-0.302383	0.0791841	0.212628	1.5018	-0.368097	0.0710828	-0.0260427	0.0723044	0.328352
0.27196	-0.229923	-0.299461	0.00788758	0.192817	-0.133909	0.0107051	0.252853	-0.145211	0.103432	-0.429597	-0.318371	0.0728183	0.219997	1.49678	-0.344651	0.0516639	-0.0210023	0.0813903	0.357412
0.283375	-0.25709	-0.331145	0.00103819	0.210621	-0.158732	0.0149961	0.275737	-0.157162	0.100572	-0.445599	-0.336073	0.0685911	0.227034	1.49446	-0.326244	0.0324949	-0.017857	0.0910643	0.388423
0.294158	-0.282776	-0.359471	-0.00403913	0.226812	-0.183079	0.0187416	0.29672	-0.168711	0.0991851	-0.460937	-0.353955	0.065953	0.233199	1.49446	-0.311121	0.0151801	-0.0170136	0.10032	0.418108
0.303516	-0.308643	-0.384829	-0.00832863	0.240578	-0.207354	0.0217333	0.316929	-0.17937	0.096479	-0.474784	-0.371629	0.0639299	0.237929	1.49538	-0.297188	-0.00168363	-0.0166734	0.109216	0.448387
0.31251	-0.329422	-0.404782	-0.0114632	0.252733	-0.228607	0.0250419	0.333266	-0.189233	0.0934379	-0.486216	-0.388165	0.0636738	0.240509	1.49503	-0.288617	-0.0146879	-0.0173355	0.117816	0.475851
0.319269	-0.346467	-0.422025	-0.0129416	0.261383	-0.245897	0.0273965	0.346544	-0.198443	0.0926287	-0.495094	-0.403086	0.0650131	0.243405	1.50206	-0.283455	-0.0240395	-0.0195397	0.124916	0.499144
0.3255	-0.360591	-0.437367	-0.0131015	0.269957	-0.259034	0.0273313	0.359446	-0.205553	0.0927147	-0.503142	-0.416054	0.0667988	0.24659	1.5052	-0.279016	-0.0323231	-0.022047	0.13035	0.52047
0.328419	-0.372941	-0.450877	-0.0120574	0.277211	-0.269917	0.0220076	0.372224	-0.208701	0.0979937	-0.511313	-0.425163	0.0664254	0.251286	1.50385	-0.272918	-0.0409011	-0.0260599	0.132522	0.535024
0.332001	-0.381904	-0.462434	-0.00982822	0.284567	-0.276814	0.014295	0.384022	-0.210958	0.104687	-0.519114	-0.432058	0.0660967	0.256052	1.49507	-0.267489	-0.047624	-0.0306472	0.133522	0.546206
0.333447	-0.383623	-0.468577	-0.00582512	0.289219	-0.275196	0.00144569	0.391815	-0.210558	0.114173	-0.524066	-0.434573	0.0673806	0.261497	1.48382	-0.265096	-0.049438	-0.0364084	0.131688	0.549074
0.333405	-0.380563	-0.468273	-0.00103093	0.292589	-0.26861	-0.0142949	0.398403	-0.204179	0.120883	-0.527028	-0.432635	0.0674337	0.265063	1.46522	-0.264233	-0.0505557	-0.0405996	0.127504	0.546761
0.334425	-0.376471	-0.467395	0.0027299	0.295859	-0.259728	-0.0287616	0.40539	-0.195173	0.122864	-0.530117	-0.42884	0.0668906	0.267047	1.43937	-0.261195	-0.0527247	-0.0423646	0.122383	0.54479
0.335144	-0.372399	-0.467937	0.00526842	0.297853	-0.250627	-0.0414764	0.411619	-0.186658	0.122743	-0.532337	-0.42402	0.0659402	0.269079	1.41157	-0.256211	-0.0548305	-0.0422897	0.117053	0.54191
0.337418	-0.368052	-0.468141	0.00703206	0.299417	-0.243294	-0.0510568	0.416542	-0.179533	0.11995	-0.533105	-0.419513	0.0645122	0.270537	1.38213	-0.252937	-0.0563211	-0.0413501	0.113246	0.539207
0.340508	-0.362562	-0.466829	0.00890221	0.300271	-0.239008	-0.0573265	0.418926	-0.173387	0.117815	-0.532507	-0.415683	0.0627742	0.271577	1.35582	-0.254344	-0.0563575	-0.0405303	0.11112	0.534649
0.34334	-0.358627	-0.466681	0.00983983	0.300304	-0.23828	-0.0596303	0.419941	-0.168163	0.115219	-0.531542	-0.412459	0.0605022	0.272678	1.3373	-0.256889	-0.0565369	-0.0385939	0.110006	0.529876
0.346644	-0.356331	-0.467751	0.010468	0.300302	-0.239055	-0.0586569	0.419959	-0.166068	0.112808	-0.530855	-0.411288	0.0597689	0.27339	1.32832	-0.259974	-0.0561889	-0.0365483	0.110207	0.528408
0.349087	-0.355727	-0.468538	0.0101461	0.299982	-0.240234	-0.0543308	0.418497	-0.166636	0.109779	-0.530095	-0.411396	0.0602781	0.273022	1.33024	-0.262305	-0.0556279	-0.0346076	0.111462	0.529556
0.351546	-0.356534	-0.4681	0.00999317	0.299218	-0.242651	-0.0466385	0.415491	-0.170276	0.106167	-0.529752	-0.413705	0.0630172	0.270941	1.34286	-0.266001	-0.0542479	-0.0335342	0.114471	0.534552
0.354729	-0.357643	-0.465869	0.0111571	0.296526	-0.24772	-0.036439	0.409748	-0.177138	0.104969	-0.52895	-0.418446	0.0680727	0.268235	1.36587	-0.274839	-0.0507894	-0.0343767	0.119307	0.539002
0.359487	-0.361058	-0.462934	0.013202	0.29193	-0.259331	-0.0224472	0.402574	-0.186443	0.104324	-0.52679	-0.426193	0.0735421	0.264816	1.39616	-0.289322	-0.0472388	-0.0355917	0.126576	0.543468
0.365518	-0.364245	-0.457737	0.0169335	0.285348	-0.275376	-0.00716102	0.393252	-0.198587	0.106522	-0.521588	-0.436518	0.0800799	0.261385	1.43207	-0.311503	-0.041656	-0.0380221	0.135455	0.545989
0.37173	-0.365035	-0.452054	0.0203134	0.277623	-0.290278	0.0102781	0.381682	-0.209293	0.107848	-0.514707	-0.445283	0.0859361	0.258721	1.47153	-0.335819	-0.0341771	-0.0390998	0.143344	0.545241
0.3757	-0.360115	-0.445185	0.0232204	0.270279	-0.294725	0.0230528	0.369506	-0.214201	0.108528	-0.507923	-0.448924	0.0915227	0.25752	1.50757	-0.357316	-0.0244483	-0.0402144	0.146546	0.540604
