-0.00842109	-0.116927	-0.0225592	-0.00540171	0.0160771	-0.0717548	-0.0532082	0.00719425	-0.0650963	0.038385	0.00160372	-0.0168645	0.0101786	-0.0207416	-0.501672	0.170155	-0.100346	-0.0317773	0.0341295	0.101289
-0.00826222	-0.118236	-0.0224019	-0.00533462	0.0155233	-0.0719911	-0.0535052	0.00802806	-0.0666623	0.0356909	0.00350035	-0.017478	0.00912929	-0.0209152	-0.502574	0.17136	-0.100963	-0.030832	0.0345094	0.103712
-0.0067638	-0.12034	-0.0226148	-0.00552103	0.0156484	-0.0722911	-0.0537844	0.00939075	-0.069641	0.0322565	0.00548637	-0.0190929	0.00847289	-0.0211473	-0.502847	0.171982	-0.101472	-0.0292661	0.0355895	0.107479
-0.00464946	-0.123026	-0.0235971	-0.0062791	0.016261	-0.0722658	-0.053873	0.0111031	-0.0735574	0.0284005	0.00761011	-0.02111	0.00790677	-0.0212081	-0.502209	0.172882	-0.101915	-0.0270321	0.0369849	0.112035
-0.00176983	-0.126338	-0.025326	-0.00754094	0.0174028	-0.0724025	-0.0533188	0.013148	-0.0784018	0.0240056	0.00952118	-0.023777	0.00729159	-0.0212	-0.500947	0.173955	-0.102482	-0.024228	0.0388989	0.117663
0.00102232	-0.129645	-0.0273054	-0.00912724	0.0184974	-0.0724745	-0.0522924	0.0150087	-0.0834727	0.0196357	0.0115121	-0.0265113	0.00650175	-0.0209535	-0.498586	0.175151	-0.102957	-0.0212696	0.0409011	0.123453
0.00372873	-0.133124	-0.0295261	-0.0108937	0.0196649	-0.072845	-0.0512085	0.0172595	-0.0882241	0.0151251	0.0133804	-0.0292394	0.00516354	-0.0204808	-0.495674	0.176477	-0.103782	-0.0182247	0.0427883	0.129453
0.00615278	-0.136548	-0.032105	-0.0127824	0.020991	-0.0730618	-0.0502882	0.0197842	-0.092341	0.0111925	0.0147887	-0.0316616	0.00345166	-0.0196239	-0.492499	0.17811	-0.10474	-0.0153734	0.0442921	0.135064
0.00842286	-0.139675	-0.0348998	-0.0146972	0.022621	-0.0730817	-0.0494712	0.0223871	-0.0957317	0.00804133	0.0154421	-0.0338561	0.0018189	-0.0185972	-0.489442	0.179841	-0.105743	-0.0128475	0.0454713	0.139969
0.00995284	-0.142319	-0.0377515	-0.0167032	0.0243669	-0.0726962	-0.0489732	0.0249611	-0.0982254	0.00582008	0.015621	-0.0354416	-2.34437e-05	-0.0175256	-0.487162	0.1823	-0.106876	-0.0106637	0.0459595	0.143587
0.0103546	-0.144067	-0.0399926	-0.0185766	0.0257009	-0.0716179	-0.0489123	0.026777	-0.09984	0.00494522	0.0159016	-0.0361226	-0.00181317	-0.0166221	-0.486089	0.18519	-0.107767	-0.00905819	0.0456217	0.145058
0.0102046	-0.144804	-0.0411618	-0.0198825	0.0267917	-0.0699707	-0.0494818	0.0278205	-0.100893	0.00537477	0.0162978	-0.0361595	-0.00321896	-0.0159474	-0.486251	0.187555	-0.1081	-0.00838443	0.0448147	0.144639
0.00994926	-0.144703	-0.0411944	-0.0203606	0.0275465	-0.0679751	-0.0509307	0.0284547	-0.101295	0.00680155	0.0168672	-0.0358602	-0.00398543	-0.015553	-0.487737	0.188534	-0.107828	-0.00863866	0.0437637	0.14313
0.00943355	-0.14402	-0.0403647	-0.0203136	0.0279475	-0.0658834	-0.0535732	0.0291072	-0.100777	0.00903117	0.0174228	-0.035224	-0.00447513	-0.0149721	-0.489464	0.188761	-0.107382	-0.00963806	0.0423138	0.140468
0.00877387	-0.14281	-0.0390315	-0.020042	0.0283062	-0.0632285	-0.0567941	0.0295844	-0.0999724	0.0121339	0.0180647	-0.0343777	-0.00464356	-0.0143135	-0.492018	0.188784	-0.106702	-0.0110828	0.0406465	0.136914
0.00800355	-0.141312	-0.0374925	-0.0198046	0.0286949	-0.0603042	-0.0599604	0.0298028	-0.0988947	0.0158914	0.0184581	-0.033368	-0.00450608	-0.01366	-0.495156	0.189049	-0.105985	-0.0127885	0.038942	0.132671
0.00675245	-0.138972	-0.0357926	-0.0197785	0.0291331	-0.0568067	-0.0627746	0.0291553	-0.0972894	0.0207443	0.0185641	-0.0315176	-0.00401495	-0.0128581	-0.497475	0.189725	-0.104862	-0.0147379	0.037027	0.12676
0.00568012	-0.13635	-0.0335818	-0.0197747	0.0295033	-0.0530198	-0.0651145	0.0279186	-0.0961914	0.0258785	0.0190176	-0.0296038	-0.0030572	-0.0124802	-0.500559	0.190441	-0.103429	-0.0166837	0.0353979	0.120133
0.00525904	-0.133095	-0.0306032	-0.0194702	0.029947	-0.0489989	-0.0669709	0.0258806	-0.0958529	0.0314411	0.0198748	-0.0277425	-0.00131513	-0.0125658	-0.504228	0.190103	-0.101247	-0.0188412	0.0342805	0.112735
0.00509563	-0.129023	-0.0272107	-0.018916	0.0306134	-0.0447357	-0.068515	0.0233671	-0.0953914	0.0374754	0.0205686	-0.025463	0.0008896	-0.012799	-0.507026	0.188997	-0.0984199	-0.0212031	0.0333202	0.104323
0.00494753	-0.125638	-0.0240974	-0.0185344	0.0312646	-0.0405557	-0.0703138	0.0216948	-0.0942053	0.0427245	0.0204167	-0.023414	0.00285118	-0.012995	-0.5086	0.188519	-0.0964155	-0.0231379	0.032138	0.0972191
0.00462657	-0.12237	-0.0211731	-0.0177332	0.031726	-0.0367861	-0.0721235	0.0205016	-0.092056	0.0472527	0.0196302	-0.0212542	0.00425689	-0.0131069	-0.509398	0.187725	-0.0947571	-0.0251868	0.0305843	0.0910806
0.00390702	-0.118716	-0.0187133	-0.0170839	0.0321129	-0.0327471	-0.073338	0.0189311	-0.0898547	0.0516571	0.0188675	-0.0189563	0.00541732	-0.0134548	-0.510136	0.186804	-0.0928761	-0.0269382	0.0287003	0.0849371
0.00316386	-0.115355	-0.0170478	-0.016676	0.0328003	-0.0290038	-0.0744455	0.0177587	-0.0877469	0.0556559	0.0178194	-0.0167238	0.00623405	-0.0136465	-0.509993	0.186092	-0.0910975	-0.0282895	0.0267557	0.0794627
0.00263054	-0.112642	-0.016129	-0.0166229	0.0336139	-0.025183	-0.0755307	0.0171272	-0.0864931	0.0584481	0.0171022	-0.0149821	0.00669778	-0.0137792	-0.509642	0.185905	-0.0894871	-0.0289311	0.0249977	0.0758853
0.00225674	-0.110597	-0.0162977	-0.0170309	0.0346335	-0.0218395	-0.0759832	0.0167968	-0.0862284	0.0601347	0.0166677	-0.01371	0.00666956	-0.013693	-0.509176	0.186373	-0.0880584	-0.0289349	0.0236223	0.0737045
0.00164182	-0.10926	-0.0174685	-0.0179968	0.035532	-0.0187453	-0.0757913	0.0163994	-0.086807	0.0609378	0.0166112	-0.0125909	0.00610481	-0.0132288	-0.507952	0.188093	-0.0869067	-0.0283652	0.0224952	0.0725006
0.00100652	-0.108884	-0.019337	-0.0194319	0.0362383	-0.0159809	-0.0749474	0.0159864	-0.0884862	0.0603689	0.0171378	-0.0118311	0.00513413	-0.0125901	-0.506509	0.191263	-0.0861557	-0.027118	0.0218664	0.0726269
0.000462789	-0.109352	-0.021713	-0.0212691	0.036867	-0.0137696	-0.0735005	0.0155666	-0.0913166	0.0586953	0.0182272	-0.0113948	0.00374759	-0.0118602	-0.504991	0.195472	-0.0856776	-0.0253534	0.0218067	0.0738492
-7.93678e-05	-0.110609	-0.0246239	-0.0236532	0.0374921	-0.0119725	-0.0713747	0.0151007	-0.0951673	0.0561341	0.0197665	-0.0113405	0.00212188	-0.0111343	-0.502919	0.200607	-0.0854628	-0.0229613	0.0221942	0.0759437
-0.000242684	-0.112609	-0.0281718	-0.0265887	0.0384137	-0.010334	-0.0688757	0.0149531	-0.100175	0.0526534	0.0216427	-0.012016	0.000359316	-0.0104699	-0.500363	0.206191	-0.0854583	-0.0197557	0.0229869	0.0793141
-0.000152966	-0.114989	-0.0321421	-0.0297943	0.0394633	-0.00884389	-0.0662867	0.0151237	-0.105832	0.0485996	0.0238897	-0.0131381	-0.00158757	-0.00979025	-0.497245	0.211491	-0.0854527	-0.0160205	0.0239927	0.0834629
7.2822e-05	-0.117762	-0.036451	-0.0332488	0.0407082	-0.00771475	-0.0637264	0.0158095	-0.111735	0.0439843	0.0262496	-0.0146462	-0.0038054	-0.00898312	-0.493247	0.216642	-0.085573	-0.0118907	0.0251176	0.0884216
0.000414909	-0.121095	-0.0411013	-0.0371662	0.0419416	-0.00641657	-0.0612884	0.0168261	-0.118249	0.0389054	0.0288899	-0.0167904	-0.00606669	-0.00824415	-0.489129	0.222069	-0.0859792	-0.00714831	0.0262738	0.0942932
0.000886526	-0.12464	-0.0458968	-0.0410359	0.0432529	-0.0052469	-0.0591078	0.018277	-0.124565	0.033663	0.0313988	-0.0191613	-0.00843476	-0.00742267	-0.484722	0.227211	-0.0865452	-0.00231857	0.0273416	0.100601
0.00126768	-0.128184	-0.0507009	-0.044729	0.0446076	-0.00455105	-0.0571849	0.0200993	-0.130309	0.028472	0.0337151	-0.0214736	-0.0110538	-0.00655638	-0.480367	0.231916	-0.087302	0.00231605	0.0282274	0.106807
0.00172892	-0.132067	-0.0556117	-0.0483419	0.0459841	-0.00421323	-0.0554552	0.0221984	-0.135871	0.0232192	0.0357424	-0.0240582	-0.0135882	-0.00574338	-0.47656	0.2366	-0.0883704	0.00689144	0.0290963	0.113387
0.00218325	-0.13591	-0.0603275	-0.0517561	0.0472079	-0.00378711	-0.0540081	0.0242909	-0.14115	0.0179908	0.0377076	-0.0266351	-0.0158912	-0.00496205	-0.472903	0.241103	-0.0894475	0.0113001	0.0298903	0.119837
0.00253193	-0.139779	-0.0647701	-0.0549366	0.0480904	-0.00382694	-0.0530347	0.0265924	-0.146056	0.0128803	0.03992	-0.0290821	-0.0183694	-0.00410308	-0.469584	0.245175	-0.0906122	0.0155436	0.0306189	0.125965
0.00302702	-0.143342	-0.069008	-0.0580153	0.0487794	-0.003767	-0.051655	0.0282757	-0.151395	0.00815505	0.0424846	-0.0317195	-0.0204499	-0.00350316	-0.467233	0.248649	-0.0914893	0.0196815	0.031572	0.131967
0.00322695	-0.146723	-0.073038	-0.061233	0.0491463	-0.00355148	-0.0501584	0.0295458	-0.156793	0.00386442	0.0453018	-0.0343258	-0.0225087	-0.00286278	-0.464912	0.252254	-0.0923011	0.0236484	0.0324575	0.137311
0.00286825	-0.1496	-0.0766284	-0.0642324	0.0491642	-0.00338587	-0.0486091	0.0303601	-0.161674	0.000210263	0.0483166	-0.0363518	-0.0247026	-0.00212276	-0.462678	0.25581	-0.0928978	0.0271309	0.0331282	0.141357
0.00203137	-0.152202	-0.0794156	-0.0667687	0.0486951	-0.00373293	-0.0473304	0.0309202	-0.165419	-0.00306576	0.0512474	-0.0376997	-0.0268901	-0.0013662	-0.460275	0.259002	-0.0934834	0.0300455	0.0336147	0.144428
0.00118731	-0.154318	-0.0812332	-0.0687378	0.0479457	-0.00424053	-0.0461209	0.0309798	-0.168391	-0.00577704	0.0538756	-0.0386484	-0.028655	-0.000884931	-0.458283	0.26159	-0.0939928	0.0323209	0.0340482	0.146649
0.000228408	-0.155423	-0.0820404	-0.0701998	0.0470285	-0.00409324	-0.0450455	0.0303735	-0.170612	-0.0074771	0.0562089	-0.0390666	-0.0298206	-0.000536356	-0.456378	0.263527	-0.0940164	0.0339122	0.0342966	0.147682
-0.000671887	-0.155809	-0.0820524	-0.07105	0.0460661	-0.0039168	-0.044315	0.0297253	-0.171861	-0.00835096	0.0581152	-0.0390307	-0.0307516	-0.000322736	-0.455052	0.264676	-0.0939317	0.0348368	0.0343043	0.147728
-0.00108404	-0.155545	-0.0816325	-0.0714135	0.0455072	-0.00363005	-0.0434809	0.0288694	-0.172424	-0.00820371	0.0590056	-0.0388233	-0.0310626	-0.000526293	-0.454637	0.264911	-0.0936953	0.0351593	0.0342554	0.147078
-0.00158167	-0.154401	-0.0806249	-0.071373	0.044763	-0.00284968	-0.0428724	0.0272507	-0.172454	-0.00669628	0.0595273	-0.0380733	-0.0307535	-0.000904969	-0.455229	0.264832	-0.0931022	0.0348272	0.0339353	0.144738
-0.00223226	-0.152284	-0.0788819	-0.0707797	0.0442888	-0.00117938	-0.0425584	0.0251652	-0.171965	-0.00434629	0.0597485	-0.036552	-0.0298766	-0.00138135	-0.456916	0.264849	-0.0919795	0.0335344	0.0334907	0.141069
-0.00301759	-0.149369	-0.0766697	-0.0696603	0.0440784	0.00105982	-0.0426583	0.0227984	-0.170971	-0.00112373	0.0597388	-0.0342724	-0.0286391	-0.00186849	-0.460232	0.264934	-0.0904671	0.0313962	0.0328882	0.136509
-0.00420997	-0.145945	-0.0743283	-0.0681971	0.0437345	0.0032078	-0.0433256	0.0203388	-0.168827	0.00317668	0.0591966	-0.0314791	-0.0272836	-0.00214686	-0.464231	0.264752	-0.088948	0.0285267	0.0318447	0.130613
-0.0055281	-0.142417	-0.0717828	-0.0662572	0.0433704	0.00521083	-0.044609	0.018318	-0.16551	0.00776663	0.0580888	-0.028538	-0.0260094	-0.00226764	-0.468636	0.264105	-0.0876768	0.0251956	0.0304085	0.124772
-0.00699443	-0.138898	-0.068447	-0.0638161	0.0424753	0.00655745	-0.0467943	0.0166496	-0.16143	0.0124287	0.0571018	-0.0256957	-0.0248757	-0.00235907	-0.473072	0.262556	-0.086584	0.0215059	0.0288156	0.118856
-0.00816555	-0.135828	-0.0650038	-0.0613098	0.0417469	0.00727502	-0.0494322	0.0156679	-0.157147	0.0167876	0.055775	-0.0233061	-0.0237773	-0.00251059	-0.477135	0.260696	-0.0859095	0.0178438	0.027291	0.11361
-0.0089211	-0.133169	-0.0618972	-0.0590238	0.04121	0.00786147	-0.0517335	0.0147106	-0.153475	0.0209264	0.0544126	-0.0214713	-0.0223198	-0.00304865	-0.481357	0.258488	-0.0852348	0.0146347	0.0259907	0.108851
-0.00935144	-0.130872	-0.0592562	-0.0570821	0.0410116	0.00805527	-0.0536567	0.0138296	-0.150378	0.0247218	0.0529109	-0.020019	-0.0207627	-0.00370587	-0.484629	0.256103	-0.0845563	0.0118779	0.0249525	0.104356
-0.00967345	-0.129059	-0.0571793	-0.0556195	0.0408985	0.00783532	-0.0550479	0.0131132	-0.147857	0.0279448	0.0516274	-0.0189336	-0.0194009	-0.00438099	-0.48684	0.253734	-0.0839805	0.00976749	0.0241564	0.100459
-0.00987125	-0.127607	-0.0556754	-0.0545828	0.0408769	0.00740626	-0.0555755	0.0123331	-0.145774	0.0304699	0.0502838	-0.0181906	-0.018045	-0.00499692	-0.487346	0.251407	-0.0834101	0.00820444	0.0237158	0.097593
-0.00996778	-0.126144	-0.0544309	-0.0538607	0.0407708	0.0071641	-0.0553915	0.0112716	-0.144261	0.0321996	0.049162	-0.0177785	-0.0166255	-0.00549461	-0.486246	0.24912	-0.0827148	0.00707557	0.0236873	0.0958514
-0.0103802	-0.125216	-0.0535411	-0.0533545	0.0404117	0.00644339	-0.0547769	0.0104238	-0.142631	0.0330649	0.0482263	-0.0173638	-0.0157579	-0.0056545	-0.484088	0.247428	-0.0824036	0.00618911	0.0238003	0.0952174
-0.0108191	-0.12507	-0.053133	-0.0531148	0.0398386	0.0051613	-0.0538916	0.00978748	-0.141349	0.0331422	0.0475226	-0.0172693	-0.0152576	-0.00568438	-0.481666	0.246245	-0.0825417	0.0057481	0.0240965	0.0954548
-0.0109009	-0.125246	-0.0533413	-0.0529845	0.0396183	0.00343115	-0.0525187	0.00933262	-0.140369	0.0329014	0.0465467	-0.0174511	-0.0147894	-0.00582697	-0.479232	0.244812	-0.0828136	0.00560617	0.0246139	0.096096
-0.0107046	-0.125414	-0.0540191	-0.0530219	0.0398234	0.00176599	-0.0508511	0.00886567	-0.139801	0.0326813	0.0453965	-0.0177798	-0.0142054	-0.00609022	-0.476869	0.243217	-0.0828712	0.0056924	0.0252255	0.096804
-0.0104786	-0.125747	-0.0550662	-0.0534322	0.04016	0.000533396	-0.0491958	0.00846051	-0.139667	0.0324561	0.044322	-0.0182649	-0.0135792	-0.00635255	-0.474267	0.241887	-0.0828274	0.00612933	0.0257652	0.0977026
-0.0101081	-0.126189	-0.0560787	-0.0537842	0.0404917	-0.000764337	-0.047764	0.0083716	-0.139531	0.0319495	0.0432876	-0.0189006	-0.0129442	-0.0065657	-0.471461	0.240476	-0.0828546	0.00665569	0.0263689	0.0988762
-0.00958555	-0.126432	-0.0569651	-0.054006	0.0408974	-0.00211391	-0.0466563	0.00836022	-0.139408	0.0315787	0.0422719	-0.0196217	-0.0121824	-0.00667973	-0.468644	0.238729	-0.0828201	0.0071041	0.0270623	0.0999449
-0.00893694	-0.126706	-0.0579637	-0.0542682	0.0414685	-0.00310597	-0.045857	0.0085132	-0.139263	0.0313129	0.0410111	-0.0204578	-0.0111947	-0.00666953	-0.466018	0.237223	-0.0828352	0.00753277	0.0277373	0.101215
-0.00843506	-0.126833	-0.0589575	-0.0545068	0.0419361	-0.00389615	-0.0453326	0.00867817	-0.139018	0.0314011	0.0399568	-0.0211951	-0.0102322	-0.00654263	-0.464015	0.235726	-0.0828179	0.00785798	0.0282515	0.102136
-0.00786324	-0.127043	-0.0599598	-0.0545206	0.0425459	-0.00502845	-0.0451546	0.00915984	-0.138345	0.03167	0.0385657	-0.0218477	-0.0093876	-0.00623371	-0.462166	0.233998	-0.0829178	0.00787126	0.0287037	0.102774
-0.00729326	-0.126897	-0.0607631	-0.054305	0.0432665	-0.00603705	-0.0453898	0.0096113	-0.137276	0.0323337	0.0368499	-0.0222368	-0.00836453	-0.00577715	-0.460204	0.232055	-0.0827732	0.00748835	0.0290661	0.102897
