0.0322804	-0.143907	0.0016324	-0.015829	-0.132916	-0.156905	0.128999	0.0730167	-0.0461793	-0.369804	0.209464	-0.0359079	-0.192121	-0.0203914	0.355276	-0.148809	-0.0719106	0.228083	0.0228991	0.210245
0.036493	-0.132295	0.022417	-0.00673808	-0.144044	-0.153872	0.131947	0.0621339	-0.0390636	-0.369104	0.211377	-0.0371734	-0.181674	-0.0264516	0.389301	-0.183914	-0.0590808	0.224505	0.0236145	0.199417
0.0418406	-0.118471	0.0472554	0.00497743	-0.156547	-0.15055	0.132979	0.0505057	-0.0298998	-0.365915	0.212201	-0.0388591	-0.169009	-0.0326959	0.429683	-0.226442	-0.043839	0.218324	0.023974	0.185889
0.0486073	-0.102366	0.0761007	0.0194452	-0.170233	-0.147434	0.13235	0.0381746	-0.0189098	-0.360167	0.211603	-0.0412123	-0.15402	-0.0391693	0.476013	-0.276394	-0.026104	0.209195	0.0242013	0.169905
0.0566666	-0.0840164	0.108717	0.0364749	-0.184357	-0.143946	0.129558	0.0251732	-0.00650378	-0.350982	0.208534	-0.044275	-0.136318	-0.0454794	0.528995	-0.332692	-0.00578334	0.196459	0.0242018	0.151794
0.0655899	-0.0632359	0.14436	0.0555251	-0.198699	-0.139308	0.125208	0.0104441	0.00647736	-0.337308	0.20288	-0.0478586	-0.115337	-0.0517168	0.58747	-0.393922	0.0174388	0.18007	0.0238697	0.131331
0.0747859	-0.0406719	0.182608	0.0761958	-0.213334	-0.133754	0.119363	-0.00589466	0.0194883	-0.319284	0.195572	-0.0517878	-0.0921799	-0.0578656	0.648897	-0.458348	0.0429362	0.160151	0.0230642	0.108502
0.0836067	-0.0180899	0.222756	0.0982188	-0.228383	-0.129061	0.11228	-0.0230351	0.0330898	-0.298324	0.186785	-0.0558625	-0.0679464	-0.0638914	0.712372	-0.524176	0.0690686	0.137206	0.0219162	0.084296
0.0916325	0.00321247	0.263843	0.121327	-0.244796	-0.127127	0.10422	-0.040518	0.0465217	-0.275654	0.177981	-0.0605215	-0.0435862	-0.0694795	0.774977	-0.590035	0.0949419	0.112409	0.0207194	0.0594869
0.0979233	0.0239587	0.304694	0.144405	-0.261402	-0.125563	0.0959555	-0.0592236	0.0587897	-0.25129	0.170271	-0.0647404	-0.0195688	-0.0750363	0.834617	-0.653655	0.120821	0.0865079	0.0191346	0.0334954
0.102752	0.0432853	0.343951	0.16658	-0.277735	-0.126427	0.0884183	-0.0783989	0.0696789	-0.226413	0.163972	-0.0685486	0.00330131	-0.080382	0.890091	-0.713594	0.145925	0.0602972	0.0176114	0.00783633
0.107172	0.0598761	0.379541	0.187275	-0.292187	-0.13029	0.0811875	-0.0957862	0.0788038	-0.201864	0.157993	-0.0726081	0.0242407	-0.0851275	0.938109	-0.76868	0.168353	0.0349791	0.0164682	-0.0160863
0.111242	0.073978	0.411789	0.20651	-0.304938	-0.135723	0.0736221	-0.111633	0.0870654	-0.177322	0.151071	-0.0770731	0.0440305	-0.0889581	0.981401	-0.818774	0.188433	0.00974908	0.0155996	-0.0381426
0.114689	0.0848577	0.440813	0.224798	-0.316678	-0.142677	0.0650769	-0.125339	0.0950329	-0.153914	0.142935	-0.08184	0.0627188	-0.0912685	1.02252	-0.862891	0.205521	-0.0149122	0.0148414	-0.0579491
0.117219	0.0952731	0.466768	0.24132	-0.326141	-0.147085	0.057306	-0.139081	0.101516	-0.131023	0.134911	-0.085798	0.0807597	-0.0929818	1.06019	-0.901114	0.22204	-0.0385601	0.0139546	-0.0767623
0.118797	0.104973	0.48902	0.255749	-0.334216	-0.150718	0.0490635	-0.151122	0.1077	-0.109488	0.128033	-0.088698	0.096227	-0.0935723	1.0916	-0.933956	0.236936	-0.0601656	0.0123838	-0.0945669
0.120285	0.114452	0.508305	0.268523	-0.34078	-0.152812	0.0413848	-0.162911	0.112318	-0.088595	0.12231	-0.0911289	0.110684	-0.0939145	1.11679	-0.962711	0.250709	-0.0798489	0.0107492	-0.112015
0.121434	0.123134	0.523498	0.279371	-0.344792	-0.152399	0.0342941	-0.173191	0.115621	-0.06937	0.116476	-0.0928997	0.124225	-0.0937427	1.13798	-0.985805	0.263175	-0.0972502	0.00909963	-0.126834
0.121057	0.13057	0.534898	0.287877	-0.347563	-0.150691	0.0267784	-0.180956	0.119459	-0.0524625	0.111102	-0.0933086	0.13487	-0.0926469	1.15356	-1.0023	0.27312	-0.111683	0.0064883	-0.139839
0.120018	0.13624	0.543645	0.29419	-0.349655	-0.147856	0.0201377	-0.18681	0.122423	-0.0391574	0.106865	-0.0938224	0.14399	-0.0918437	1.1656	-1.01405	0.280801	-0.122592	0.0041044	-0.149045
0.119716	0.139829	0.548876	0.298204	-0.349914	-0.145653	0.0153757	-0.189735	0.124996	-0.0303958	0.102753	-0.0944306	0.150215	-0.0911588	1.17345	-1.02147	0.285335	-0.129662	0.00277048	-0.153807
0.118269	0.142594	0.551065	0.300476	-0.35064	-0.143686	0.0119887	-0.190968	0.127309	-0.025535	0.100881	-0.0941272	0.154241	-0.0904422	1.17677	-1.02581	0.288316	-0.132966	0.000674893	-0.157304
0.116465	0.144628	0.55034	0.300866	-0.350576	-0.140513	0.0099123	-0.191029	0.127821	-0.0224764	0.0999145	-0.0938818	0.156424	-0.0894357	1.18005	-1.02678	0.290472	-0.133823	-0.00144293	-0.158602
0.115009	0.145772	0.546468	0.300209	-0.349607	-0.136761	0.00793948	-0.189014	0.127145	-0.0206144	0.0984229	-0.0943659	0.157936	-0.0873845	1.185	-1.02574	0.291952	-0.133135	-0.00374143	-0.157175
0.113921	0.145111	0.538708	0.29803	-0.346645	-0.132545	0.00551907	-0.184415	0.125121	-0.019551	0.0953905	-0.0954292	0.157893	-0.0839534	1.18906	-1.02079	0.291925	-0.131276	-0.00588212	-0.152437
0.11454	0.141656	0.526263	0.294339	-0.34082	-0.129571	0.00549349	-0.177779	0.121031	-0.0207008	0.089255	-0.0978377	0.157196	-0.0796784	1.195	-1.01229	0.29016	-0.12776	-0.00626385	-0.143005
0.115426	0.135385	0.5096	0.288173	-0.33414	-0.128406	0.0097467	-0.170152	0.114686	-0.0260195	0.0829073	-0.10051	0.155187	-0.0755553	1.20103	-0.999846	0.286685	-0.120497	-0.00546725	-0.129834
0.117404	0.12703	0.489402	0.279983	-0.326272	-0.128746	0.0171633	-0.160925	0.108414	-0.0354363	0.0755167	-0.103204	0.151517	-0.0712152	1.20465	-0.983996	0.280897	-0.109825	-0.00385383	-0.114016
0.120933	0.116722	0.46484	0.270015	-0.316102	-0.13018	0.0276416	-0.150508	0.101662	-0.0472145	0.0659394	-0.105889	0.146428	-0.0662492	1.2072	-0.964756	0.273711	-0.0968066	-0.00117937	-0.095745
0.124662	0.105975	0.437637	0.25847	-0.30504	-0.132281	0.040662	-0.139863	0.094216	-0.0602427	0.0564518	-0.107988	0.139972	-0.0611194	1.20919	-0.943422	0.266075	-0.081559	0.0017664	-0.0771147
0.12889	0.094597	0.408533	0.245988	-0.292243	-0.136089	0.0555926	-0.128867	0.0867649	-0.0735261	0.0456208	-0.109724	0.132202	-0.0558785	1.20881	-0.920089	0.257276	-0.0651753	0.00544115	-0.0582199
0.133167	0.0830815	0.378724	0.232818	-0.278736	-0.140334	0.0718092	-0.118671	0.0787778	-0.0860846	0.0344771	-0.111288	0.123912	-0.0507241	1.20835	-0.895332	0.248174	-0.0483497	0.00970443	-0.0400379
0.137387	0.0704686	0.348752	0.219201	-0.264661	-0.146746	0.0877895	-0.10777	0.0714152	-0.0987145	0.0227511	-0.112875	0.114229	-0.045509	1.20567	-0.868837	0.237486	-0.0311946	0.0144825	-0.0220858
0.141755	0.0583918	0.319178	0.20566	-0.249883	-0.152509	0.10343	-0.097596	0.0636278	-0.109562	0.0106328	-0.114494	0.104654	-0.0404454	1.2022	-0.841929	0.227084	-0.0149925	0.0194619	-0.00472204
0.14597	0.0462967	0.290111	0.191925	-0.234441	-0.158074	0.118555	-0.0876877	0.0554912	-0.119404	-0.00164981	-0.116292	0.0951151	-0.0357344	1.199	-0.814307	0.216396	0.00055481	0.0247814	0.0126675
0.150851	0.0357664	0.261049	0.176293	-0.216299	-0.159787	0.134934	-0.0797383	0.0432504	-0.126815	-0.0141761	-0.119173	0.0874838	-0.0323965	1.19353	-0.784167	0.207357	0.0160455	0.0310927	0.0315921
0.155426	0.0245618	0.233755	0.162154	-0.199362	-0.162538	0.149452	-0.0718428	0.0309258	-0.1334	-0.0257524	-0.123275	0.0798034	-0.0286746	1.19292	-0.756958	0.198042	0.0293917	0.037918	0.0513107
0.159787	0.0114909	0.208627	0.150627	-0.184068	-0.17082	0.161216	-0.0616895	0.0218336	-0.139674	-0.038095	-0.127741	0.0712715	-0.0231519	1.19855	-0.733083	0.187349	0.0395873	0.0448393	0.0700369
0.165776	-0.00148289	0.185434	0.139622	-0.169097	-0.178313	0.172425	-0.0523125	0.0109896	-0.145454	-0.0501099	-0.134626	0.0648939	-0.0183377	1.20631	-0.712844	0.177799	0.0480996	0.0528991	0.0905857
0.173163	-0.0144673	0.163564	0.129774	-0.15487	-0.185891	0.182253	-0.0427407	0.000285852	-0.150851	-0.0622661	-0.143016	0.0601794	-0.0133766	1.2172	-0.696479	0.169082	0.054959	0.061132	0.111973
0.181567	-0.0269547	0.143353	0.121431	-0.141306	-0.193299	0.191204	-0.033389	-0.00999907	-0.155934	-0.0744192	-0.152306	0.0574505	-0.0085351	1.23055	-0.683413	0.16139	0.0599604	0.0695553	0.133072
0.191007	-0.0386509	0.12484	0.115008	-0.128699	-0.200529	0.198501	-0.0241695	-0.0193641	-0.160163	-0.0868458	-0.162163	0.0567812	-0.00371798	1.24402	-0.673895	0.154803	0.0629996	0.0777797	0.153142
0.201287	-0.0491343	0.108146	0.110429	-0.116329	-0.207559	0.204138	-0.0154638	-0.02772	-0.162287	-0.100146	-0.172346	0.058113	0.000907829	1.25771	-0.667831	0.149383	0.0638204	0.0856952	0.17146
0.211659	-0.0586767	0.0931344	0.107247	-0.10439	-0.214894	0.207871	-0.00690746	-0.0350038	-0.162938	-0.113595	-0.182573	0.0606717	0.00530214	1.27097	-0.664641	0.144753	0.063104	0.0929811	0.187949
0.222087	-0.067725	0.079718	0.105108	-0.0930435	-0.222759	0.209599	0.0017486	-0.0419037	-0.162499	-0.126622	-0.19301	0.0635984	0.00967121	1.28376	-0.663405	0.140542	0.0610984	0.0998925	0.20312
0.232092	-0.0766585	0.0683043	0.103917	-0.0833081	-0.230593	0.209558	0.0101278	-0.0488771	-0.161556	-0.138488	-0.203893	0.0671866	0.0139673	1.29751	-0.663695	0.136839	0.0580417	0.106527	0.21736
0.241923	-0.0851793	0.0585747	0.103413	-0.0747629	-0.238411	0.208549	0.0181094	-0.0559374	-0.160553	-0.149099	-0.215064	0.0712585	0.0179555	1.31097	-0.665639	0.133603	0.0544582	0.113019	0.230901
0.250674	-0.0932535	0.0499658	0.103309	-0.0671716	-0.245197	0.206511	0.0258854	-0.062188	-0.159584	-0.158786	-0.225762	0.0756546	0.021865	1.3251	-0.668028	0.130656	0.0506147	0.118719	0.243612
0.258769	-0.10079	0.0430475	0.103381	-0.060717	-0.250729	0.203931	0.0331811	-0.0680839	-0.159491	-0.166765	-0.236003	0.0800764	0.0251422	1.33861	-0.6703	0.127841	0.0467788	0.124	0.255832
0.266625	-0.108023	0.0377566	0.103088	-0.0551702	-0.254699	0.201238	0.0399463	-0.0734464	-0.160932	-0.173214	-0.245629	0.084159	0.0273834	1.34973	-0.671594	0.124754	0.043193	0.128878	0.267794
0.274518	-0.114138	0.0340348	0.102369	-0.0506806	-0.257341	0.199753	0.0454631	-0.0785707	-0.163608	-0.177987	-0.254208	0.0877605	0.0283411	1.35827	-0.671898	0.121795	0.0400538	0.133536	0.278837
0.279704	-0.119345	0.0305635	0.101595	-0.0461905	-0.25924	0.197369	0.0511451	-0.0808287	-0.166453	-0.18251	-0.259835	0.0897689	0.0290032	1.35932	-0.669907	0.118027	0.038463	0.136533	0.288416
0.279697	-0.123381	0.0265922	0.0998579	-0.0423603	-0.261808	0.19675	0.0555411	-0.0810308	-0.169151	-0.185508	-0.261586	0.0892995	0.0291866	1.35505	-0.665038	0.113877	0.040418	0.137975	0.295401
0.28004	-0.127284	0.0219665	0.0971026	-0.0389381	-0.264684	0.197096	0.0599708	-0.08072	-0.173897	-0.186813	-0.262811	0.0872309	0.0289235	1.34802	-0.659369	0.109088	0.0438337	0.139012	0.301581
0.279595	-0.130275	0.017941	0.0944709	-0.0360006	-0.265858	0.196179	0.0640748	-0.0810433	-0.177717	-0.186931	-0.26355	0.0851181	0.0288685	1.34147	-0.652848	0.104895	0.046946	0.139258	0.30658
0.277923	-0.133511	0.0159395	0.0915489	-0.0350128	-0.266415	0.194752	0.0677606	-0.0824644	-0.182164	-0.184752	-0.264042	0.0820929	0.0282989	1.33358	-0.644821	0.100663	0.0500736	0.139533	0.311466
0.27675	-0.13785	0.0150417	0.0885468	-0.0354984	-0.267733	0.194304	0.0715967	-0.0844809	-0.188902	-0.181393	-0.265073	0.0783837	0.0271482	1.32556	-0.63639	0.0958318	0.0537299	0.140375	0.317765
0.275374	-0.141876	0.01547	0.0856662	-0.0368676	-0.268957	0.195453	0.0743272	-0.0862907	-0.196752	-0.177523	-0.265988	0.0751158	0.0248322	1.31811	-0.628721	0.0911922	0.0579367	0.141367	0.323868
0.273117	-0.145607	0.0165252	0.0822326	-0.0390049	-0.270415	0.197915	0.0764782	-0.0870081	-0.206173	-0.172433	-0.265696	0.0705686	0.0217142	1.30872	-0.620347	0.0860996	0.063411	0.141965	0.328915
0.270179	-0.148631	0.017513	0.0782018	-0.0416093	-0.271634	0.200943	0.0781008	-0.0873677	-0.215904	-0.166105	-0.26413	0.0646003	0.0184106	1.29635	-0.610794	0.0810185	0.0697295	0.141901	0.332473
0.266853	-0.150948	0.0173296	0.0731975	-0.0436336	-0.271983	0.204574	0.0794672	-0.0875767	-0.225536	-0.159424	-0.261281	0.0572866	0.015093	1.27976	-0.599011	0.0757701	0.0772361	0.141216	0.335169
0.262414	-0.152566	0.0162703	0.0673685	-0.0452647	-0.271568	0.208501	0.0806297	-0.0871778	-0.23563	-0.151879	-0.256506	0.0480961	0.0116995	1.25749	-0.58488	0.0701362	0.086102	0.13974	0.336975
0.2563	-0.153319	0.0138434	0.0608177	-0.0464909	-0.270191	0.212396	0.0816901	-0.086297	-0.245517	-0.143046	-0.249412	0.0368901	0.00871028	1.2297	-0.56794	0.0642557	0.0962923	0.137225	0.337345
0.249051	-0.15326	0.00970255	0.0540157	-0.0471785	-0.267897	0.216849	0.0826799	-0.0844874	-0.255272	-0.133873	-0.239943	0.0241694	0.00630062	1.19746	-0.548151	0.0578635	0.107206	0.133879	0.336585
0.241298	-0.153485	0.00358091	0.0469273	-0.047442	-0.265574	0.221359	0.0847238	-0.0812392	-0.266303	-0.124421	-0.228536	0.00954767	0.00462156	1.15996	-0.525046	0.0499481	0.118974	0.129914	0.33585
0.232062	-0.152651	-0.00365792	0.0398283	-0.0472958	-0.260569	0.223819	0.0870613	-0.0770497	-0.27662	-0.114192	-0.21507	-0.0058485	0.00390369	1.1167	-0.498811	0.0418757	0.130751	0.124609	0.334364
0.22144	-0.150234	-0.0108654	0.0330388	-0.0475268	-0.252783	0.223929	0.0892733	-0.0718395	-0.286686	-0.10185	-0.199978	-0.0217554	0.00361812	1.06776	-0.471167	0.0339559	0.142497	0.118021	0.331446
0.210836	-0.147593	-0.0185732	0.0265682	-0.0476603	-0.243787	0.223088	0.0920645	-0.0663179	-0.297578	-0.0885186	-0.184517	-0.0376708	0.00355205	1.01463	-0.442233	0.0255467	0.154235	0.111066	0.328993
0.19969	-0.144135	-0.0255962	0.0210145	-0.0484148	-0.232722	0.219224	0.0950229	-0.0602321	-0.307657	-0.073777	-0.168538	-0.0531415	0.00387763	0.958685	-0.412908	0.0174127	0.1646	0.103047	0.325423
0.189164	-0.14091	-0.0320765	0.0159684	-0.0494858	-0.222087	0.215275	0.0979857	-0.0542505	-0.318375	-0.0582012	-0.153004	-0.0680886	0.00377319	0.900455	-0.383946	0.00875609	0.174548	0.0952109	0.322017
