0.0340695	-0.20218	-0.0341828	-0.0120862	-0.140257	-0.26598	0.0622574	0.0992179	-0.081555	-0.33916	0.22713	-0.0572012	-0.222143	0.0104344	0.161995	-0.076515	-0.116096	0.218207	0.0430035	0.194676
0.0329321	-0.20127	-0.0315475	-0.0110051	-0.140725	-0.26528	0.0606783	0.0973791	-0.0816363	-0.337568	0.227549	-0.0569814	-0.220279	0.0093481	0.157953	-0.076354	-0.115501	0.216426	0.0431191	0.19248
0.031803	-0.199594	-0.0300159	-0.0106885	-0.140247	-0.26425	0.0604429	0.0956873	-0.0814324	-0.335707	0.227012	-0.0566453	-0.218369	0.00827129	0.154103	-0.0753629	-0.115	0.214877	0.0430164	0.191703
0.0309716	-0.199027	-0.0292779	-0.0110564	-0.13951	-0.262808	0.0601487	0.0948659	-0.0815244	-0.334934	0.225795	-0.0566403	-0.216738	0.007242	0.151609	-0.0731818	-0.115	0.214121	0.0428353	0.192614
0.0311909	-0.198432	-0.0291513	-0.0116337	-0.137705	-0.259223	0.0604789	0.0943664	-0.0830367	-0.33528	0.223954	-0.0575474	-0.214223	0.00541258	0.148542	-0.0710184	-0.114612	0.213901	0.0430609	0.196221
0.0314189	-0.197068	-0.0302863	-0.0127662	-0.135037	-0.251921	0.0611909	0.0941789	-0.0834291	-0.33693	0.220601	-0.0580416	-0.211403	0.00375071	0.147767	-0.0677862	-0.113766	0.214493	0.0424112	0.20178
0.0323483	-0.194218	-0.0330519	-0.0139819	-0.13106	-0.240953	0.062711	0.0946402	-0.0823579	-0.339349	0.214017	-0.0580836	-0.207391	0.00386142	0.157458	-0.0639724	-0.111827	0.215156	0.0413729	0.20892
0.0357692	-0.19047	-0.036717	-0.0149188	-0.125209	-0.22663	0.0650912	0.0952767	-0.080366	-0.342306	0.20209	-0.0585125	-0.200106	0.0058272	0.179946	-0.060575	-0.108701	0.21485	0.0410982	0.218446
0.040943	-0.18368	-0.0395473	-0.0146132	-0.117943	-0.206997	0.0678495	0.0944839	-0.0762434	-0.344074	0.184392	-0.0585332	-0.188276	0.00917483	0.216795	-0.0594156	-0.102457	0.212511	0.0409998	0.228281
0.045954	-0.174641	-0.0419239	-0.0147982	-0.110153	-0.179485	0.0725145	0.0915069	-0.070907	-0.346313	0.162574	-0.0580929	-0.172138	0.0126083	0.268676	-0.057515	-0.0935711	0.20965	0.040237	0.240344
0.0521903	-0.162813	-0.0457151	-0.0155251	-0.0977705	-0.137411	0.0784827	0.0876749	-0.0622968	-0.347234	0.128589	-0.0571025	-0.147696	0.0171772	0.347759	-0.0520668	-0.0815814	0.204137	0.0377928	0.257336
0.0557197	-0.146176	-0.0480454	-0.0166306	-0.081504	-0.0795342	0.0806395	0.082398	-0.0510116	-0.34063	0.0846893	-0.0548043	-0.115778	0.0234955	0.454319	-0.0425122	-0.0653238	0.193907	0.0316117	0.27435
0.0574948	-0.134273	-0.049475	-0.0146315	-0.065522	-0.0224337	0.0764618	0.0797343	-0.0374316	-0.329844	0.0338153	-0.0536922	-0.0794575	0.0349571	0.593323	-0.0328813	-0.0494223	0.178921	0.0246447	0.29299
0.0615236	-0.12368	-0.0524347	-0.0127697	-0.0480942	0.034966	0.0748074	0.0747154	-0.0350585	-0.313803	-0.0173421	-0.0575631	-0.038465	0.0454155	0.734212	-0.0216766	-0.0311605	0.162202	0.0209339	0.314287
0.0640704	-0.11492	-0.0566664	-0.0126775	-0.0279995	0.0970306	0.07643	0.065548	-0.0385732	-0.292232	-0.071	-0.0627285	0.00681843	0.0553378	0.88815	-0.00326634	-0.0114908	0.142815	0.018366	0.334338
0.0684407	-0.104236	-0.0610353	-0.0143924	-0.0062016	0.159897	0.0830276	0.0497172	-0.0540485	-0.265008	-0.12092	-0.0727686	0.0574501	0.0613148	1.03454	0.0142871	0.0112448	0.122893	0.0196516	0.355128
0.0717057	-0.0996307	-0.0671932	-0.0182453	0.0131957	0.219876	0.0874922	0.0353011	-0.0760344	-0.24126	-0.164375	-0.0858243	0.106589	0.0677326	1.17509	0.0383549	0.0298262	0.105968	0.0234928	0.381624
0.0682657	-0.0999576	-0.0773202	-0.0263603	0.0303487	0.276159	0.096094	0.0216087	-0.0982635	-0.22522	-0.202284	-0.0952465	0.14563	0.0722611	1.30645	0.0733415	0.0434505	0.0948761	0.0265914	0.409331
0.0630026	-0.102904	-0.0882256	-0.0374968	0.0457259	0.328501	0.107685	0.00724161	-0.126152	-0.217651	-0.2323	-0.104969	0.178531	0.0739132	1.42406	0.111459	0.0556919	0.0882725	0.0313875	0.440296
0.0589945	-0.109068	-0.101967	-0.0526581	0.0628631	0.376134	0.119337	-0.00376914	-0.155228	-0.217505	-0.259561	-0.114946	0.206298	0.0737579	1.5231	0.152892	0.0643672	0.0872659	0.0379343	0.475436
0.0508944	-0.115599	-0.116422	-0.0696647	0.0789924	0.420498	0.126264	-0.0111248	-0.178158	-0.222055	-0.281952	-0.11949	0.225036	0.0745222	1.60513	0.199247	0.0695491	0.0906122	0.0410558	0.50572
0.0424687	-0.119426	-0.128022	-0.0861696	0.0946816	0.459589	0.13322	-0.0183485	-0.197315	-0.228862	-0.301345	-0.12068	0.240517	0.0727032	1.66766	0.242432	0.0741948	0.0959262	0.0440229	0.531447
0.0324601	-0.123727	-0.13888	-0.103296	0.108478	0.491368	0.139799	-0.0244665	-0.211523	-0.237961	-0.318169	-0.118701	0.251103	0.0700091	1.71552	0.284659	0.07643	0.103646	0.0465366	0.552711
0.0211623	-0.127479	-0.149689	-0.121186	0.122442	0.519413	0.145546	-0.0297041	-0.220758	-0.246306	-0.334709	-0.113649	0.25861	0.0675777	1.75414	0.326652	0.0779495	0.113006	0.047847	0.56808
0.0101882	-0.129557	-0.156188	-0.13787	0.13656	0.53963	0.150492	-0.0337278	-0.224688	-0.257772	-0.347133	-0.106575	0.263106	0.0623305	1.77005	0.363432	0.0775546	0.123706	0.0498227	0.5808
0.000654331	-0.130578	-0.161306	-0.15052	0.149844	0.553486	0.155439	-0.0371982	-0.224988	-0.266479	-0.362366	-0.100047	0.268248	0.0563946	1.77894	0.392276	0.0772373	0.131606	0.052106	0.592713
-0.015175	-0.130554	-0.163606	-0.16198	0.155258	0.566935	0.156141	-0.0427806	-0.219812	-0.275176	-0.370967	-0.0893381	0.267405	0.0520162	1.78444	0.419457	0.0762782	0.138964	0.0497605	0.59366
-0.0345294	-0.132777	-0.166797	-0.175422	0.158852	0.576298	0.155266	-0.0456836	-0.206747	-0.291551	-0.375558	-0.0736328	0.258945	0.0473754	1.76872	0.453629	0.0684385	0.150613	0.0444134	0.590313
-0.0558583	-0.136587	-0.167165	-0.18853	0.155757	0.57849	0.160616	-0.051957	-0.192856	-0.312131	-0.373094	-0.0562634	0.24759	0.0412588	1.74955	0.488405	0.05814	0.164647	0.039901	0.583431
-0.0788324	-0.138581	-0.163707	-0.197948	0.147225	0.577394	0.164227	-0.058172	-0.175596	-0.330598	-0.365874	-0.038324	0.236361	0.0356814	1.72786	0.516423	0.0484148	0.177478	0.0335348	0.570381
-0.0984119	-0.139388	-0.15729	-0.20383	0.136271	0.576129	0.163987	-0.063992	-0.163305	-0.343128	-0.354048	-0.0244303	0.226447	0.0318615	1.71291	0.536592	0.0423406	0.185209	0.0282253	0.556849
-0.109703	-0.140778	-0.152669	-0.207293	0.128153	0.572521	0.166313	-0.0674619	-0.158268	-0.353541	-0.343397	-0.0165586	0.220504	0.0285744	1.69911	0.550558	0.0383435	0.190732	0.0268767	0.550247
-0.113803	-0.141121	-0.151442	-0.210128	0.125678	0.569972	0.167124	-0.0685087	-0.159387	-0.356375	-0.334695	-0.0146188	0.218212	0.0277217	1.69238	0.556814	0.0382351	0.194136	0.0271197	0.548703
-0.113546	-0.142025	-0.151293	-0.211341	0.124963	0.566718	0.16673	-0.0675731	-0.162726	-0.356488	-0.328005	-0.0167461	0.218396	0.0279303	1.68891	0.556789	0.0391619	0.195762	0.0278043	0.550137
-0.109992	-0.144888	-0.149444	-0.208625	0.122786	0.55982	0.167817	-0.0659263	-0.164433	-0.357881	-0.325075	-0.0206433	0.220073	0.0265758	1.68357	0.55081	0.0383551	0.195277	0.0292173	0.552028
-0.105772	-0.147988	-0.146044	-0.204388	0.118005	0.551531	0.172534	-0.0668868	-0.167622	-0.36101	-0.320027	-0.0242991	0.220599	0.023874	1.67838	0.544596	0.0372344	0.194455	0.0316274	0.552984
-0.098136	-0.148196	-0.141718	-0.19765	0.113051	0.544001	0.179215	-0.0697125	-0.173381	-0.363149	-0.312648	-0.0293039	0.223571	0.0207284	1.66152	0.535073	0.0366856	0.192521	0.035264	0.554478
-0.088178	-0.146283	-0.13525	-0.187386	0.10678	0.533097	0.185659	-0.07407	-0.177632	-0.35912	-0.306023	-0.0352338	0.228174	0.0179837	1.64316	0.516899	0.036897	0.186897	0.038629	0.550974
-0.0781686	-0.14491	-0.12725	-0.174955	0.0968033	0.513522	0.192447	-0.0777378	-0.177865	-0.35429	-0.296141	-0.0405203	0.228239	0.016437	1.61898	0.491306	0.0356662	0.180722	0.0414994	0.541924
-0.069337	-0.144523	-0.117901	-0.161018	0.0826334	0.486403	0.199267	-0.0814257	-0.173928	-0.35061	-0.28301	-0.0448022	0.224719	0.0155272	1.59014	0.461626	0.0323248	0.174865	0.0440144	0.528092
-0.0635947	-0.146997	-0.108412	-0.148239	0.0656594	0.450325	0.206814	-0.0836627	-0.165176	-0.352104	-0.266538	-0.0468205	0.214734	0.0143247	1.55308	0.432461	0.0252926	0.17206	0.0464203	0.511818
-0.0625183	-0.151915	-0.0995805	-0.138919	0.0467067	0.408061	0.213639	-0.0837172	-0.152432	-0.360554	-0.244266	-0.0454429	0.196214	0.0122245	1.50166	0.407321	0.0141842	0.173947	0.047284	0.495026
-0.0667519	-0.15859	-0.0898099	-0.132641	0.0258899	0.359922	0.219375	-0.0820781	-0.135444	-0.375976	-0.215443	-0.0397558	0.169303	0.00854137	1.4315	0.387841	-0.00110815	0.18051	0.0467587	0.476049
-0.0733589	-0.167388	-0.080075	-0.129698	0.00517091	0.307231	0.225146	-0.0786618	-0.118372	-0.396149	-0.180993	-0.032908	0.1367	0.00272462	1.34552	0.372121	-0.0193438	0.191718	0.0462248	0.45709
-0.0802749	-0.177022	-0.0695611	-0.127705	-0.0177854	0.249042	0.229264	-0.0739166	-0.101805	-0.417591	-0.139445	-0.0259133	0.0986748	-0.00337022	1.2444	0.353176	-0.0387554	0.205064	0.0452191	0.435951
-0.0875996	-0.187768	-0.0604022	-0.126675	-0.0407831	0.18867	0.233565	-0.0681892	-0.0848364	-0.438864	-0.0946682	-0.0179697	0.0563535	-0.00876846	1.13554	0.334389	-0.0585444	0.219536	0.0436462	0.413504
-0.0917438	-0.198857	-0.0503021	-0.123914	-0.0626596	0.12597	0.236782	-0.0607921	-0.0713701	-0.459815	-0.0479527	-0.012564	0.0139223	-0.0159063	1.01434	0.310966	-0.0784081	0.233112	0.043436	0.394666
-0.0927272	-0.21048	-0.0406892	-0.118534	-0.0829786	0.0617384	0.237657	-0.0516665	-0.0598986	-0.47577	-0.00325744	-0.00969043	-0.0270633	-0.0225529	0.891425	0.28338	-0.0974428	0.243347	0.0435756	0.376562
-0.0918003	-0.219276	-0.0309433	-0.112505	-0.102177	-0.000437436	0.23786	-0.0444345	-0.0509959	-0.484424	0.0406699	-0.00761517	-0.0654943	-0.0286169	0.77036	0.251882	-0.112956	0.251766	0.0433676	0.354037
-0.0881971	-0.227637	-0.0231626	-0.107083	-0.119801	-0.0616632	0.237483	-0.0369445	-0.0447064	-0.487557	0.0817496	-0.00739367	-0.101785	-0.0328687	0.654699	0.219311	-0.126814	0.259016	0.0431886	0.329405
-0.0847997	-0.23199	-0.016367	-0.102171	-0.136682	-0.118229	0.237418	-0.0323783	-0.0407253	-0.483949	0.122115	-0.00621067	-0.135719	-0.0360656	0.54373	0.186372	-0.136282	0.265596	0.0420874	0.298512
-0.0798075	-0.234715	-0.0106557	-0.0971698	-0.151894	-0.172033	0.23556	-0.0281803	-0.0373695	-0.475267	0.158511	-0.00563207	-0.166452	-0.036944	0.441402	0.152911	-0.143062	0.270012	0.0409628	0.265422
-0.0726159	-0.235722	-0.00380698	-0.0906386	-0.165848	-0.223578	0.233377	-0.0250033	-0.0348765	-0.464292	0.191895	-0.00548543	-0.193491	-0.0372574	0.348634	0.117521	-0.147013	0.272967	0.0409934	0.230998
-0.0625674	-0.235466	0.00440689	-0.0814727	-0.178253	-0.270954	0.226635	-0.0209676	-0.0333231	-0.451595	0.221056	-0.00685275	-0.21671	-0.0358804	0.263505	0.0802937	-0.148787	0.271933	0.04192	0.198384
-0.0502894	-0.232742	0.0136721	-0.0693863	-0.188382	-0.314964	0.219744	-0.018856	-0.0298502	-0.435596	0.243136	-0.00838012	-0.234577	-0.0334507	0.193487	0.0392741	-0.147986	0.266449	0.0442516	0.162994
-0.0423386	-0.230454	0.0205164	-0.0584578	-0.196686	-0.351956	0.211125	-0.0168799	-0.02193	-0.419296	0.258069	-0.00676585	-0.249971	-0.028617	0.140354	0.00702461	-0.147334	0.259907	0.0448252	0.128308
-0.0387065	-0.227724	0.0265945	-0.0497776	-0.203859	-0.378411	0.200934	-0.015726	-0.0129231	-0.404483	0.268762	-0.00313184	-0.2619	-0.0228627	0.107065	-0.0173143	-0.145609	0.253959	0.0436767	0.0983049
-0.0334071	-0.226513	0.0330594	-0.0396173	-0.209137	-0.399884	0.190223	-0.011993	-0.00545057	-0.394484	0.27518	-0.00266717	-0.269338	-0.0193252	0.0797578	-0.0408742	-0.145041	0.247241	0.0441511	0.0794507
-0.0274324	-0.223569	0.039224	-0.0302549	-0.211917	-0.411818	0.180552	-0.0088884	-0.000743165	-0.385029	0.27798	-0.00332922	-0.272045	-0.0170793	0.0633595	-0.0629213	-0.142062	0.240331	0.0452818	0.0665387
-0.0216216	-0.219802	0.0412206	-0.0245844	-0.209442	-0.41443	0.174659	-0.00581928	0.00186703	-0.376024	0.273707	-0.00434235	-0.271833	-0.0156318	0.0554398	-0.0774804	-0.138402	0.234938	0.0462055	0.0611859
-0.0197121	-0.217222	0.0391269	-0.0233402	-0.20529	-0.408216	0.167913	0.000310611	0.00692459	-0.369939	0.265315	-0.00361953	-0.27313	-0.0130651	0.0604461	-0.0813932	-0.136342	0.233145	0.0434865	0.0636078
-0.0189476	-0.214442	0.0355384	-0.0232989	-0.201075	-0.399347	0.162926	0.00526483	0.00891577	-0.366682	0.259379	-0.00252722	-0.273375	-0.0107121	0.0643723	-0.081489	-0.134385	0.233168	0.0409808	0.0680457
-0.0169805	-0.215892	0.031311	-0.0229331	-0.198589	-0.396728	0.160603	0.0102067	0.00828644	-0.367764	0.256148	-0.00342288	-0.273214	-0.0089737	0.0653543	-0.0813311	-0.134837	0.234569	0.0408103	0.0745661
-0.0144446	-0.217548	0.0276439	-0.0218608	-0.196875	-0.396753	0.159371	0.013295	0.00707854	-0.369485	0.254191	-0.0043058	-0.272178	-0.00699168	0.0655687	-0.0814949	-0.135269	0.235386	0.0414253	0.0786652
-0.0134729	-0.21786	0.0253952	-0.0216902	-0.196114	-0.394967	0.157683	0.0145852	0.0058366	-0.37026	0.254395	-0.00460404	-0.271616	-0.00504445	0.0672452	-0.0804513	-0.134977	0.235996	0.0413497	0.0812206
-0.0129191	-0.218139	0.0244794	-0.0213823	-0.19589	-0.394367	0.155774	0.015486	0.00586634	-0.370606	0.254271	-0.00505056	-0.271285	-0.00363631	0.0689704	-0.0809222	-0.134752	0.235974	0.0412545	0.0828908
-0.0117831	-0.220269	0.0239026	-0.0214623	-0.195246	-0.396712	0.154617	0.0177722	0.00560876	-0.371406	0.253249	-0.00680259	-0.27162	-0.00353053	0.0686544	-0.0821318	-0.135851	0.235821	0.0418288	0.0857361
-0.0106329	-0.222381	0.0235639	-0.0218067	-0.194115	-0.398563	0.153592	0.0204119	0.00572154	-0.372463	0.251237	-0.00898048	-0.271786	-0.00427047	0.0676195	-0.0831762	-0.137227	0.235767	0.0422435	0.0897227
-0.0108474	-0.224177	0.023099	-0.0223515	-0.193551	-0.39855	0.152265	0.0221263	0.0055827	-0.373641	0.250421	-0.0102406	-0.271503	-0.00445279	0.0677394	-0.0817494	-0.138624	0.235794	0.0422477	0.0930032
-0.0113666	-0.224752	0.0228158	-0.0225096	-0.193443	-0.397213	0.152224	0.0220041	0.00519776	-0.375221	0.24974	-0.0107289	-0.270094	-0.00458333	0.0704189	-0.0803132	-0.138933	0.235918	0.042543	0.0952944
