0.0338489	-0.191153	-0.0358058	-0.0111431	-0.134098	-0.256095	0.0615986	0.0961696	-0.0732361	-0.324223	0.213313	-0.0519469	-0.216678	0.011788	0.175878	-0.0823501	-0.108878	0.211551	0.0377098	0.184548
0.0341195	-0.189329	-0.0359715	-0.0107122	-0.134294	-0.254693	0.0610899	0.0964112	-0.0714977	-0.323362	0.212795	-0.051174	-0.216648	0.0125169	0.179622	-0.085351	-0.107612	0.211608	0.0366836	0.18349
0.0343764	-0.188631	-0.0357612	-0.0105018	-0.135017	-0.25469	0.0613277	0.0960023	-0.0711579	-0.323143	0.213349	-0.0509523	-0.216649	0.0128723	0.181669	-0.0874488	-0.106828	0.211784	0.0365734	0.1824
0.0339509	-0.188801	-0.03503	-0.0104342	-0.136394	-0.255291	0.0618823	0.0951329	-0.0712306	-0.323723	0.214701	-0.0509078	-0.216734	0.013006	0.183305	-0.0881266	-0.106691	0.212077	0.0369034	0.181614
0.0329831	-0.189734	-0.0341634	-0.0106204	-0.137921	-0.255867	0.0626671	0.094027	-0.0718539	-0.325141	0.216496	-0.0510637	-0.216732	0.0128396	0.18419	-0.0871649	-0.107177	0.21254	0.0375359	0.181717
0.0316686	-0.191283	-0.0333958	-0.0110315	-0.139419	-0.256702	0.0636592	0.0928136	-0.0728097	-0.327132	0.218452	-0.0513238	-0.216815	0.0125001	0.184062	-0.0850114	-0.108166	0.213144	0.0383677	0.182541
0.0300948	-0.193088	-0.0328427	-0.0115748	-0.140865	-0.257632	0.0643421	0.0916296	-0.0738808	-0.32891	0.220424	-0.0514985	-0.21696	0.0123692	0.183385	-0.0821463	-0.109329	0.213702	0.0391274	0.182996
0.0294249	-0.194246	-0.0323362	-0.0120707	-0.141431	-0.257814	0.0653899	0.0901466	-0.0758175	-0.330423	0.221927	-0.0521545	-0.216296	0.0117978	0.181267	-0.0797247	-0.109899	0.214096	0.0403159	0.184218
0.0283508	-0.193878	-0.0324787	-0.0134413	-0.141146	-0.254627	0.0669403	0.0880617	-0.078274	-0.33158	0.22291	-0.0525567	-0.215092	0.0107528	0.178637	-0.0757586	-0.109352	0.215031	0.0409013	0.186091
0.0271197	-0.192202	-0.0333306	-0.0153299	-0.139561	-0.246879	0.0696941	0.0855945	-0.0810589	-0.33396	0.222434	-0.0527594	-0.212511	0.00900882	0.17799	-0.0701229	-0.107889	0.216535	0.0410355	0.19093
0.0265434	-0.190452	-0.0351503	-0.0175495	-0.136025	-0.234101	0.072902	0.0844221	-0.0816732	-0.338533	0.216984	-0.0527109	-0.207326	0.00809412	0.18939	-0.0622766	-0.106626	0.21775	0.0407067	0.200888
0.0280317	-0.187387	-0.037244	-0.0194321	-0.128685	-0.213705	0.0771575	0.0835853	-0.0790275	-0.344131	0.201954	-0.0526969	-0.196225	0.00802403	0.220611	-0.0533301	-0.104556	0.216973	0.0404685	0.216328
0.0312488	-0.182892	-0.0400223	-0.0221939	-0.117524	-0.184126	0.083143	0.0826311	-0.0750517	-0.351233	0.177434	-0.0535432	-0.179114	0.00804904	0.271531	-0.0419292	-0.100774	0.214893	0.0403632	0.239032
0.0339024	-0.175229	-0.0438365	-0.0265527	-0.103774	-0.143754	0.0897065	0.0806016	-0.0693481	-0.35574	0.143601	-0.0533725	-0.157422	0.0103864	0.3466	-0.0267579	-0.0934252	0.210936	0.0383673	0.263273
0.0346469	-0.167753	-0.0494961	-0.0304321	-0.090519	-0.0993868	0.0933775	0.0790206	-0.0594349	-0.356148	0.103491	-0.051757	-0.133486	0.0183556	0.446142	-0.0100592	-0.0840102	0.204563	0.034056	0.284527
0.0404838	-0.155858	-0.0581606	-0.0327054	-0.0703076	-0.0460345	0.0999983	0.0742643	-0.0517699	-0.347226	0.0512403	-0.0520621	-0.0984535	0.028775	0.571861	0.00246854	-0.0680844	0.192989	0.0317232	0.3057
0.0492697	-0.145435	-0.0704331	-0.0353952	-0.0451216	0.01291	0.105567	0.0712614	-0.0464669	-0.333039	-0.00891409	-0.0543322	-0.0584158	0.0421106	0.720184	0.0181687	-0.0501897	0.178952	0.0296284	0.329683
0.0584355	-0.134499	-0.0818708	-0.0385127	-0.0213067	0.0742318	0.110989	0.0648982	-0.052412	-0.316764	-0.0616765	-0.0608195	-0.015928	0.0534745	0.863149	0.0342523	-0.030139	0.16507	0.0292515	0.355999
0.0624451	-0.125629	-0.0964656	-0.0456831	0.00364132	0.142363	0.117493	0.0552336	-0.0656183	-0.297914	-0.112552	-0.0674531	0.0281114	0.0639403	1.01109	0.0629599	-0.0102845	0.151615	0.0285188	0.384144
0.0631513	-0.121116	-0.109148	-0.0550283	0.0264248	0.205986	0.126313	0.0437097	-0.0866411	-0.284594	-0.154494	-0.0760227	0.0693629	0.0702028	1.15097	0.0974129	0.00673529	0.141154	0.0300108	0.415375
0.0629057	-0.122022	-0.119583	-0.0660597	0.0471211	0.265622	0.135585	0.0317118	-0.112516	-0.277722	-0.192585	-0.0887795	0.110664	0.0716374	1.2791	0.135951	0.0191661	0.132998	0.0349821	0.451865
0.0578917	-0.124497	-0.127681	-0.079009	0.0648875	0.320906	0.145446	0.0180157	-0.139818	-0.277344	-0.222299	-0.0978972	0.145234	0.0693559	1.38396	0.179531	0.0289109	0.129298	0.0407165	0.485734
0.0501696	-0.127409	-0.136966	-0.0942887	0.0813471	0.373249	0.154281	0.0041787	-0.16602	-0.277839	-0.247676	-0.103944	0.175397	0.0682487	1.48277	0.227068	0.0384429	0.128371	0.0462682	0.515372
0.0407591	-0.130402	-0.14549	-0.109996	0.095339	0.419225	0.160797	-0.00838685	-0.189269	-0.28003	-0.267718	-0.107623	0.199314	0.0672386	1.56409	0.272863	0.0464069	0.129961	0.0506172	0.540046
0.0285208	-0.134338	-0.152457	-0.125083	0.10522	0.459224	0.162493	-0.0184833	-0.206385	-0.284246	-0.282482	-0.108413	0.217271	0.0671178	1.63296	0.317476	0.0517475	0.133166	0.0524117	0.558283
0.0169649	-0.137813	-0.158156	-0.139127	0.113599	0.492859	0.164011	-0.0265568	-0.218967	-0.292567	-0.293869	-0.107546	0.232624	0.0655259	1.68444	0.359859	0.054646	0.138533	0.0538588	0.574258
0.0064297	-0.138779	-0.160413	-0.15266	0.121381	0.522782	0.165828	-0.0349887	-0.229894	-0.303836	-0.299911	-0.104108	0.245061	0.0604534	1.71313	0.399228	0.0570194	0.145359	0.0551495	0.586127
-0.00251113	-0.135549	-0.15717	-0.161154	0.128542	0.547827	0.168176	-0.0448486	-0.24025	-0.316894	-0.301723	-0.0997335	0.255582	0.0509437	1.72303	0.426817	0.0614432	0.150477	0.0577533	0.597481
-0.0132563	-0.132562	-0.149408	-0.164939	0.133441	0.564198	0.169082	-0.0537466	-0.240104	-0.32648	-0.30726	-0.0911572	0.262752	0.0403045	1.72837	0.448591	0.0626698	0.152472	0.0584676	0.601154
-0.0295544	-0.135827	-0.144367	-0.171964	0.133714	0.567503	0.173982	-0.0605938	-0.231079	-0.339135	-0.312067	-0.0775486	0.259649	0.0317657	1.72643	0.475479	0.0563345	0.159882	0.0574452	0.598947
-0.0483198	-0.139679	-0.13955	-0.180896	0.127589	0.566154	0.183966	-0.0703147	-0.219584	-0.357062	-0.308305	-0.0608779	0.250314	0.0237463	1.7105	0.502644	0.0480357	0.172329	0.0550973	0.59041
-0.0671795	-0.140924	-0.134162	-0.187789	0.120025	0.567745	0.187725	-0.0794084	-0.208187	-0.370824	-0.300466	-0.0457459	0.241958	0.0184099	1.69074	0.526748	0.0412984	0.181471	0.0509808	0.578964
-0.0852811	-0.140305	-0.129395	-0.193218	0.11014	0.569213	0.188804	-0.0876719	-0.198807	-0.383214	-0.287346	-0.0319319	0.233702	0.0156332	1.6672	0.54721	0.0370498	0.189326	0.0462232	0.567045
-0.0994151	-0.142158	-0.125031	-0.199506	0.101692	0.565791	0.192748	-0.0940492	-0.19369	-0.394428	-0.275015	-0.023087	0.227045	0.0111053	1.64936	0.563088	0.0324937	0.19746	0.043859	0.558756
-0.112195	-0.144587	-0.121881	-0.206099	0.0937677	0.561186	0.197808	-0.0992241	-0.189142	-0.406429	-0.262835	-0.0158595	0.220928	0.00701371	1.63336	0.579729	0.0278039	0.206239	0.0427461	0.552203
-0.122382	-0.146706	-0.123642	-0.212088	0.0902388	0.55995	0.196878	-0.100225	-0.186319	-0.413696	-0.254914	-0.0108019	0.216108	0.00701904	1.62366	0.594762	0.0253224	0.212623	0.0408506	0.54861
-0.128676	-0.154336	-0.129984	-0.219741	0.0912658	0.551872	0.194836	-0.0949589	-0.185013	-0.421567	-0.249938	-0.01014	0.208957	0.00917132	1.61618	0.608173	0.0201844	0.22043	0.0414276	0.553391
-0.133137	-0.160705	-0.135167	-0.225052	0.0923358	0.544327	0.192199	-0.0887625	-0.183625	-0.428461	-0.246208	-0.0101869	0.202134	0.0111086	1.61124	0.617762	0.0161821	0.226085	0.0413999	0.558299
-0.133746	-0.167189	-0.135881	-0.225936	0.0911199	0.535004	0.191665	-0.0835465	-0.183466	-0.435642	-0.242716	-0.0128099	0.197529	0.0104798	1.60609	0.620327	0.0115633	0.228738	0.0425885	0.563145
-0.126648	-0.169047	-0.133913	-0.222003	0.090493	0.529082	0.1949	-0.083343	-0.189817	-0.43561	-0.240582	-0.0199531	0.201256	0.00850011	1.60539	0.611976	0.0116917	0.22744	0.0464083	0.568321
-0.112498	-0.164792	-0.127821	-0.213182	0.0897424	0.525677	0.200395	-0.0870053	-0.199596	-0.429321	-0.237862	-0.0300216	0.210771	0.00505515	1.59873	0.591663	0.016463	0.221345	0.051495	0.571413
-0.0970847	-0.160104	-0.121589	-0.201099	0.0864743	0.516127	0.205214	-0.0888479	-0.205223	-0.420127	-0.233234	-0.0394495	0.216981	0.00426042	1.59155	0.563817	0.0201595	0.213895	0.055661	0.569744
-0.081507	-0.15836	-0.115072	-0.186739	0.0797831	0.495487	0.208252	-0.0875799	-0.2052	-0.410019	-0.226981	-0.0481696	0.217791	0.00622626	1.58505	0.528541	0.0211491	0.205875	0.0590595	0.563001
-0.0669674	-0.159254	-0.106103	-0.169851	0.0688578	0.463775	0.210172	-0.0832431	-0.198796	-0.403993	-0.217729	-0.0551486	0.212023	0.00762133	1.56658	0.487312	0.018189	0.197989	0.0620765	0.553701
-0.0545278	-0.161798	-0.0957382	-0.153125	0.0534621	0.425668	0.212443	-0.0783178	-0.188704	-0.40274	-0.203962	-0.060582	0.201493	0.00789378	1.53409	0.444658	0.0117869	0.192306	0.0642442	0.541466
-0.0460148	-0.167493	-0.0869611	-0.13963	0.036748	0.380735	0.214759	-0.0709404	-0.174857	-0.407388	-0.186394	-0.0635026	0.183406	0.00728577	1.48486	0.406258	0.000369685	0.191414	0.0654158	0.527518
-0.042182	-0.17338	-0.0789689	-0.129073	0.0188843	0.334178	0.216637	-0.0640617	-0.15947	-0.415483	-0.164448	-0.0635281	0.160594	0.00512759	1.42048	0.373599	-0.013404	0.193973	0.0650864	0.510963
-0.0411449	-0.180556	-0.0715949	-0.121466	-0.000577104	0.282527	0.219347	-0.0567078	-0.142495	-0.428481	-0.136955	-0.0612568	0.131167	0.00167074	1.34221	0.343294	-0.0291553	0.200679	0.0643295	0.492884
-0.0425272	-0.187027	-0.0642285	-0.114491	-0.022389	0.229099	0.219813	-0.0492788	-0.124614	-0.441608	-0.104073	-0.0567014	0.0975456	-0.00140694	1.24972	0.314101	-0.0452667	0.209093	0.0617767	0.471524
-0.0436117	-0.193733	-0.0570187	-0.108505	-0.0442232	0.17272	0.220759	-0.0415332	-0.108933	-0.454438	-0.0670445	-0.0527275	0.0609023	-0.00563497	1.14626	0.282438	-0.0608901	0.219047	0.0596441	0.449282
-0.0432795	-0.200312	-0.0495827	-0.101703	-0.0634339	0.115391	0.218923	-0.0321403	-0.0952959	-0.465292	-0.0294729	-0.0494909	0.0237099	-0.0101375	1.0346	0.248492	-0.0759532	0.228073	0.0583975	0.428344
-0.0407044	-0.207864	-0.0420062	-0.0943904	-0.0823103	0.0553632	0.217953	-0.0223969	-0.0842856	-0.47488	0.00903888	-0.0477792	-0.0137148	-0.0155911	0.914192	0.212307	-0.0904969	0.237421	0.05837	0.408716
-0.0373861	-0.213736	-0.0344342	-0.0869837	-0.0981616	-0.00165477	0.215721	-0.0133199	-0.0769509	-0.479645	0.0472937	-0.0462561	-0.0492531	-0.0216986	0.788277	0.17632	-0.102657	0.245486	0.0585712	0.388865
-0.035841	-0.219257	-0.0277184	-0.0813597	-0.114331	-0.0582966	0.213037	-0.00604772	-0.070634	-0.478875	0.0854321	-0.0436618	-0.0852447	-0.0263634	0.66426	0.143234	-0.113502	0.253245	0.0575542	0.363331
-0.0349695	-0.22546	-0.0217016	-0.0760438	-0.130135	-0.116323	0.209859	0.000990441	-0.0628889	-0.473831	0.120713	-0.0408568	-0.119569	-0.0290738	0.550727	0.111926	-0.123996	0.260167	0.0564561	0.333792
-0.0333471	-0.229244	-0.0151337	-0.0708107	-0.142979	-0.16944	0.204707	0.00625045	-0.0564665	-0.463173	0.150844	-0.0379345	-0.149334	-0.030479	0.446269	0.0824609	-0.131139	0.264074	0.0553278	0.302183
-0.0303664	-0.232472	-0.00636606	-0.0630934	-0.155146	-0.22044	0.198854	0.0110182	-0.0482939	-0.452296	0.17682	-0.0363394	-0.175344	-0.0314679	0.353036	0.0516262	-0.137609	0.2642	0.0549642	0.271141
-0.026104	-0.236139	0.00111211	-0.0532784	-0.164537	-0.267794	0.19161	0.0162422	-0.0388803	-0.440409	0.195919	-0.0356229	-0.197792	-0.029391	0.278398	0.0221041	-0.143458	0.259536	0.0558793	0.241743
-0.0214164	-0.235756	0.00942438	-0.0438449	-0.17119	-0.3051	0.183413	0.0189439	-0.028404	-0.426141	0.207488	-0.0336452	-0.212898	-0.0263208	0.222795	-0.00438264	-0.146108	0.252343	0.0561237	0.212705
-0.0189881	-0.234806	0.0175955	-0.0353925	-0.177476	-0.336117	0.173108	0.0213112	-0.0165504	-0.411926	0.216548	-0.030575	-0.226515	-0.0226166	0.178454	-0.0270245	-0.148213	0.244533	0.0547169	0.184585
-0.0157472	-0.233143	0.0248759	-0.0279481	-0.182302	-0.362035	0.163499	0.0243899	-0.00425099	-0.399138	0.221492	-0.0281429	-0.237109	-0.0191476	0.145403	-0.0472777	-0.149673	0.237389	0.0530735	0.159867
-0.0119683	-0.232804	0.0290344	-0.022099	-0.185996	-0.383846	0.156035	0.0277565	0.00347051	-0.389186	0.225958	-0.0273106	-0.24661	-0.0158856	0.118128	-0.0641941	-0.150657	0.232366	0.0528477	0.141339
-0.00851092	-0.232644	0.031243	-0.0171866	-0.188812	-0.399822	0.150616	0.0303784	0.00745989	-0.382737	0.229563	-0.0274321	-0.252878	-0.0131642	0.0988421	-0.0776187	-0.150479	0.229037	0.0536187	0.128761
-0.00598802	-0.232267	0.0342874	-0.0132736	-0.191676	-0.40886	0.148122	0.0295588	0.00714575	-0.38027	0.234574	-0.0272664	-0.254977	-0.0123509	0.0866395	-0.0844852	-0.149763	0.226722	0.0552767	0.120541
-0.00513489	-0.232967	0.0365149	-0.0108747	-0.195745	-0.415367	0.147385	0.0275213	0.00369151	-0.380621	0.242221	-0.0272985	-0.25651	-0.0125224	0.0767652	-0.0884749	-0.149083	0.226523	0.0570976	0.115046
-0.00402666	-0.23329	0.0372786	-0.00898743	-0.197556	-0.41931	0.147142	0.0263923	0.00112484	-0.380261	0.246253	-0.0273028	-0.257321	-0.0123697	0.0711495	-0.0918765	-0.147928	0.226262	0.0585189	0.111753
-0.00353597	-0.233716	0.0375023	-0.00829933	-0.197937	-0.420262	0.145572	0.0272957	0.000186914	-0.379591	0.247824	-0.027565	-0.258299	-0.0122934	0.0666837	-0.0924893	-0.147848	0.226093	0.0587769	0.111843
-0.00346566	-0.233716	0.0371461	-0.00813766	-0.19706	-0.417505	0.144041	0.0288157	0.000104939	-0.379707	0.246922	-0.0277163	-0.258386	-0.0122612	0.0679638	-0.0913453	-0.147773	0.226118	0.058316	0.114801
-0.00417067	-0.234299	0.0368757	-0.00821573	-0.197349	-0.415605	0.14273	0.0299976	-0.0011667	-0.3809	0.248535	-0.0278758	-0.258941	-0.0123741	0.0671559	-0.0897533	-0.148147	0.226812	0.0580038	0.117289
-0.00403731	-0.234756	0.0369515	-0.00756265	-0.197484	-0.414775	0.141465	0.0306827	-0.00210574	-0.381342	0.249469	-0.0284065	-0.258714	-0.012187	0.0669541	-0.0899934	-0.148108	0.226777	0.0582552	0.11865
