-0.0865233	-0.194713	-0.0792014	-0.0570611	-0.0380546	-0.146374	-0.102035	0.0721286	-0.012284	-0.00141705	0.0329744	0.0213246	-0.109014	0.0477944	-0.227722	0.249926	-0.161474	0.0360744	-0.0180595	0.0451647
-0.0888675	-0.194194	-0.0798939	-0.0577392	-0.038224	-0.145179	-0.101146	0.0704521	-0.0112975	0.00117969	0.0329301	0.02359	-0.109833	0.0484149	-0.226295	0.250876	-0.160387	0.0355264	-0.0192229	0.0399583
-0.0926131	-0.194561	-0.0803898	-0.0592178	-0.0381077	-0.14489	-0.100055	0.0702356	-0.0089801	0.00299672	0.0317182	0.0262119	-0.111955	0.0485314	-0.222836	0.255035	-0.161369	0.035461	-0.0210388	0.0364373
-0.0987121	-0.193535	-0.0804608	-0.0629064	-0.0378825	-0.14236	-0.0977258	0.0677433	-0.00609729	0.00618165	0.0305785	0.0308238	-0.114513	0.0478923	-0.217139	0.263588	-0.162438	0.0360137	-0.0241183	0.0302171
-0.105643	-0.192163	-0.0808938	-0.0688141	-0.0356413	-0.14033	-0.0911304	0.0623111	-0.0032689	0.0117417	0.0265801	0.0374272	-0.116535	0.0453758	-0.207989	0.275169	-0.163724	0.0371291	-0.0269403	0.020815
-0.11146	-0.192257	-0.0808244	-0.0756247	-0.0331035	-0.14398	-0.0768715	0.0532872	-0.000533662	0.0163903	0.0202983	0.0457505	-0.118751	0.039527	-0.199973	0.28837	-0.166236	0.0387556	-0.0283579	0.00922693
-0.116795	-0.193488	-0.0806653	-0.08421	-0.0307413	-0.154563	-0.0512531	0.0392653	0.00323667	0.0183249	0.0117977	0.0566038	-0.121531	0.0291136	-0.194597	0.30397	-0.170498	0.0416604	-0.0290339	-0.00465861
-0.12347	-0.196623	-0.0817452	-0.0943313	-0.0283742	-0.174989	-0.0150979	0.0223968	0.0131149	0.0171705	-0.00123154	0.0712425	-0.126776	0.0155737	-0.189274	0.321643	-0.178088	0.0459046	-0.0304407	-0.022174
-0.131721	-0.199412	-0.0858584	-0.106768	-0.0239914	-0.203318	0.0327861	0.00139485	0.0304309	0.01416	-0.0206449	0.0902222	-0.133286	-0.00130322	-0.187099	0.341335	-0.18785	0.0517307	-0.0332763	-0.0444562
-0.144666	-0.202214	-0.09495	-0.122899	-0.0162074	-0.237548	0.0904989	-0.0221014	0.060863	0.00932272	-0.0493181	0.116185	-0.142672	-0.0195891	-0.180802	0.366452	-0.201096	0.0606999	-0.0402519	-0.0714254
-0.167963	-0.198873	-0.109592	-0.144735	-0.0053516	-0.26649	0.159534	-0.0540262	0.103763	0.00749511	-0.0826053	0.153521	-0.154895	-0.0364084	-0.16454	0.402646	-0.212539	0.0731471	-0.0540037	-0.110198
-0.201273	-0.18377	-0.128014	-0.172625	0.0115844	-0.284069	0.235486	-0.0929819	0.160305	0.0129043	-0.122025	0.202711	-0.169784	-0.0497782	-0.130443	0.443912	-0.217191	0.0886136	-0.0744388	-0.162133
-0.233556	-0.156986	-0.141473	-0.196343	0.0318264	-0.297441	0.310439	-0.133865	0.221298	0.0171859	-0.160364	0.25488	-0.18317	-0.0623166	-0.101134	0.47531	-0.213063	0.102466	-0.0942993	-0.214965
-0.268958	-0.118333	-0.151844	-0.219144	0.0556662	-0.299685	0.378291	-0.176375	0.281451	0.0218097	-0.194698	0.30976	-0.195995	-0.0724091	-0.0703113	0.503771	-0.198029	0.115567	-0.113386	-0.266999
-0.313373	-0.0692123	-0.162284	-0.244686	0.0820806	-0.283043	0.432821	-0.221489	0.338835	0.0374833	-0.224524	0.369699	-0.208943	-0.0760326	-0.0226668	0.53528	-0.171525	0.128201	-0.134291	-0.324073
-0.366061	-0.016281	-0.17633	-0.274415	0.110716	-0.249117	0.473206	-0.267027	0.390024	0.0644151	-0.249271	0.432739	-0.222124	-0.0716293	0.0413936	0.57637	-0.137428	0.141307	-0.156456	-0.381955
-0.428657	0.0378912	-0.192978	-0.310222	0.138282	-0.195169	0.498745	-0.313159	0.430676	0.101561	-0.262249	0.499008	-0.237348	-0.0606659	0.118894	0.631378	-0.0972	0.155774	-0.18214	-0.4415
-0.496286	0.0875376	-0.212483	-0.350715	0.165736	-0.129635	0.508786	-0.353802	0.46004	0.14378	-0.265904	0.563706	-0.25613	-0.0455814	0.204177	0.696993	-0.0548902	0.171539	-0.210168	-0.497135
-0.564176	0.132773	-0.232914	-0.39175	0.192308	-0.0560193	0.500898	-0.386207	0.476494	0.188217	-0.259811	0.624626	-0.277217	-0.0264991	0.290375	0.767496	-0.010666	0.185716	-0.23956	-0.545918
-0.630864	0.17443	-0.250216	-0.428931	0.212687	0.0197466	0.476789	-0.409941	0.482784	0.231502	-0.238652	0.680754	-0.302131	-0.00394031	0.36708	0.835	0.034005	0.198013	-0.269627	-0.58901
-0.69483	0.213722	-0.264593	-0.461367	0.227213	0.0947584	0.435729	-0.423528	0.481281	0.27482	-0.205414	0.731508	-0.332295	0.0249134	0.434562	0.899117	0.0763248	0.207947	-0.30044	-0.630231
-0.759366	0.250783	-0.277547	-0.489259	0.235103	0.168511	0.378792	-0.427688	0.479749	0.319216	-0.162838	0.781216	-0.37133	0.0619625	0.493709	0.963532	0.113731	0.215882	-0.335554	-0.676681
-0.827831	0.280917	-0.294019	-0.517124	0.232796	0.232829	0.307141	-0.42312	0.48128	0.368808	-0.116279	0.831355	-0.421209	0.110055	0.555863	1.0348	0.140105	0.223838	-0.375013	-0.735215
-0.903661	0.303565	-0.315608	-0.545826	0.219559	0.294328	0.228584	-0.416923	0.493898	0.427076	-0.0711315	0.888331	-0.478317	0.167361	0.628599	1.1171	0.155964	0.232135	-0.420285	-0.812157
-0.979758	0.312957	-0.342489	-0.579158	0.205815	0.352829	0.147583	-0.409025	0.512388	0.486986	-0.0408392	0.947746	-0.539471	0.229454	0.7267	1.21491	0.154818	0.242928	-0.462805	-0.893622
-1.05795	0.332943	-0.368831	-0.607837	0.201798	0.421675	0.0645169	-0.413602	0.53651	0.549154	-0.0319426	1.01058	-0.590795	0.294106	0.846438	1.31547	0.14952	0.253624	-0.495814	-0.973557
-1.10474	0.363571	-0.382716	-0.615871	0.220676	0.473208	0.00349726	-0.425502	0.5564	0.586418	-0.0522058	1.05519	-0.618102	0.336376	0.922621	1.3803	0.144396	0.258083	-0.5035	-1.01065
-1.12577	0.38582	-0.376512	-0.613444	0.220844	0.488476	-0.0205144	-0.437082	0.556735	0.597464	-0.0438748	1.07194	-0.631152	0.344544	0.926486	1.39254	0.153965	0.256951	-0.504486	-1.0214
-1.12762	0.37321	-0.370079	-0.614159	0.197071	0.482492	-0.0104668	-0.438084	0.553068	0.591886	-0.0166723	1.0673	-0.627283	0.337298	0.908287	1.38574	0.158021	0.253963	-0.512705	-1.02752
-1.09901	0.341383	-0.359795	-0.608859	0.177596	0.456333	0.0303556	-0.431357	0.539686	0.557561	-0.00189318	1.03555	-0.604939	0.310461	0.878227	1.354	0.15182	0.25147	-0.510374	-0.999437
-1.06179	0.320939	-0.344564	-0.595914	0.164677	0.424042	0.0780927	-0.428598	0.523604	0.520912	0.00652474	1.00098	-0.57698	0.275761	0.825698	1.30927	0.150754	0.245534	-0.499882	-0.961632
-1.01264	0.302811	-0.328363	-0.576643	0.160918	0.375614	0.130631	-0.425684	0.509438	0.479881	-0.000332936	0.961764	-0.546634	0.236718	0.757037	1.25214	0.146586	0.238131	-0.4788	-0.918916
-0.959077	0.289284	-0.308364	-0.552627	0.159537	0.317314	0.188353	-0.427685	0.496354	0.437883	-0.0143145	0.921122	-0.515751	0.196861	0.688218	1.18606	0.141936	0.22896	-0.451275	-0.876782
-0.901204	0.280014	-0.289831	-0.52758	0.165275	0.254664	0.250644	-0.433613	0.487026	0.395936	-0.0377568	0.880845	-0.482634	0.155974	0.613449	1.11625	0.136327	0.219962	-0.418484	-0.833852
-0.840486	0.271209	-0.270904	-0.500979	0.176299	0.189296	0.317992	-0.442179	0.480093	0.349676	-0.0695183	0.838019	-0.446035	0.110781	0.530292	1.04243	0.127102	0.211841	-0.381332	-0.783089
-0.781405	0.266207	-0.252503	-0.475559	0.189206	0.130931	0.383392	-0.454281	0.474403	0.306528	-0.106894	0.79557	-0.406247	0.065312	0.451999	0.971141	0.116393	0.204065	-0.343246	-0.730545
-0.723008	0.262743	-0.236508	-0.4486	0.203421	0.07635	0.442128	-0.464333	0.473503	0.269157	-0.150418	0.756008	-0.366542	0.0238844	0.374807	0.902128	0.102574	0.194458	-0.305504	-0.680217
-0.667761	0.253761	-0.221933	-0.419638	0.211116	0.0216014	0.487392	-0.465472	0.478385	0.236003	-0.19345	0.718473	-0.333776	-0.00979942	0.304156	0.836841	0.0812879	0.18448	-0.271953	-0.634603
-0.615259	0.241996	-0.206259	-0.387577	0.209047	-0.0324838	0.515595	-0.459216	0.483831	0.213021	-0.228939	0.681787	-0.306386	-0.0335356	0.243483	0.769992	0.0575488	0.171788	-0.243028	-0.601776
-0.559832	0.223877	-0.189732	-0.349605	0.199937	-0.0878858	0.526139	-0.441082	0.486415	0.194823	-0.256642	0.641823	-0.283687	-0.0483521	0.180003	0.699693	0.0297149	0.154398	-0.217288	-0.571378
-0.500833	0.197753	-0.173029	-0.308298	0.184168	-0.143052	0.523139	-0.413358	0.481941	0.177411	-0.274301	0.595614	-0.263444	-0.0585999	0.107937	0.626611	-0.00134559	0.13503	-0.193422	-0.536961
-0.439828	0.164926	-0.154425	-0.264083	0.165045	-0.193119	0.507586	-0.378716	0.467368	0.159473	-0.282297	0.542941	-0.241316	-0.0676531	0.0294345	0.552139	-0.0333958	0.113767	-0.170475	-0.493806
-0.374492	0.126534	-0.132835	-0.217385	0.143539	-0.237822	0.483225	-0.339698	0.44266	0.13787	-0.281746	0.484597	-0.21528	-0.0765954	-0.0546385	0.47749	-0.0662473	0.0902893	-0.146512	-0.442302
-0.31346	0.0855733	-0.109652	-0.17487	0.116669	-0.273586	0.452566	-0.301526	0.410622	0.117647	-0.269412	0.42544	-0.188651	-0.0848092	-0.132763	0.408061	-0.0954894	0.06806	-0.125597	-0.391959
-0.26072	0.0419152	-0.0891881	-0.13925	0.0896107	-0.300723	0.413936	-0.262734	0.373431	0.100697	-0.249094	0.369601	-0.165699	-0.0889131	-0.199542	0.352698	-0.122024	0.0490399	-0.108516	-0.344831
-0.218258	-0.0017981	-0.0687639	-0.110843	0.0619625	-0.320717	0.365852	-0.22254	0.332742	0.0852798	-0.220166	0.318615	-0.150278	-0.0885881	-0.248376	0.310109	-0.144737	0.0331542	-0.0954129	-0.302397
-0.184491	-0.0397479	-0.0511301	-0.0887375	0.0369893	-0.332773	0.305942	-0.182024	0.289099	0.078504	-0.185115	0.273639	-0.141842	-0.0803806	-0.280673	0.276958	-0.159476	0.0188122	-0.0853885	-0.269914
-0.158233	-0.0713534	-0.0381523	-0.0728154	0.0183944	-0.333507	0.238292	-0.140755	0.245738	0.0777362	-0.148881	0.237362	-0.140176	-0.0653467	-0.30279	0.256136	-0.166969	0.00634051	-0.0774467	-0.243231
-0.140814	-0.0923723	-0.0274778	-0.0628092	0.00564868	-0.321299	0.170194	-0.10409	0.203579	0.0812492	-0.115448	0.207871	-0.141844	-0.048273	-0.302584	0.242851	-0.166165	-0.00391436	-0.070579	-0.221469
-0.137335	-0.106801	-0.0213725	-0.0594766	-0.00606639	-0.295731	0.103252	-0.0756707	0.165662	0.0904092	-0.0834008	0.18453	-0.143099	-0.0289332	-0.285857	0.241529	-0.162646	-0.0103736	-0.0673904	-0.205435
-0.138577	-0.118138	-0.0203154	-0.058697	-0.0167014	-0.260232	0.0472117	-0.0527737	0.131657	0.0957369	-0.0544062	0.164546	-0.140972	-0.012136	-0.267557	0.246873	-0.157219	-0.0129651	-0.0657457	-0.183704
-0.138449	-0.129745	-0.0237465	-0.0576911	-0.0272243	-0.225306	0.00263366	-0.0315937	0.101571	0.0933157	-0.0290685	0.143029	-0.135829	0.000546362	-0.258298	0.251325	-0.153191	-0.0122547	-0.0628951	-0.154183
-0.134525	-0.140495	-0.0310303	-0.0552363	-0.0350983	-0.193756	-0.0340333	-0.00960657	0.0730071	0.084658	-0.00864179	0.118079	-0.129137	0.0124089	-0.252087	0.251217	-0.15043	-0.00902561	-0.0572908	-0.118041
-0.130486	-0.150767	-0.0392226	-0.0515513	-0.0429652	-0.170195	-0.0700388	0.0151591	0.0505894	0.0718014	0.0107821	0.0934327	-0.125877	0.0272827	-0.247138	0.248983	-0.150044	-0.00384718	-0.0518932	-0.0832108
-0.129452	-0.15832	-0.046689	-0.0473352	-0.0536573	-0.147892	-0.102084	0.0358946	0.0349254	0.0567791	0.0324753	0.073198	-0.122738	0.0432427	-0.246097	0.248143	-0.149015	0.00240942	-0.0489704	-0.0540143
-0.125888	-0.161759	-0.0569024	-0.0454702	-0.0600299	-0.126944	-0.126589	0.0525837	0.0238013	0.0426191	0.0492403	0.0561562	-0.119548	0.0585902	-0.249669	0.245514	-0.14612	0.00975446	-0.0474222	-0.0294366
-0.120798	-0.164593	-0.0678714	-0.0464364	-0.0619326	-0.11231	-0.146389	0.0681152	0.0160377	0.0290899	0.0614665	0.044231	-0.120394	0.0715505	-0.25616	0.245053	-0.144411	0.0171626	-0.0475975	-0.00892292
-0.116658	-0.168206	-0.0805175	-0.0495704	-0.0591942	-0.100511	-0.163877	0.0810889	0.00888691	0.0205102	0.0689648	0.0381222	-0.124237	0.0831339	-0.262817	0.251937	-0.144175	0.022718	-0.0488666	0.00708888
-0.1112	-0.172434	-0.0931891	-0.0518426	-0.0534863	-0.0925116	-0.178597	0.0936806	0.00188703	0.013921	0.0734898	0.0333658	-0.129849	0.0935968	-0.270406	0.257828	-0.145266	0.026832	-0.0487582	0.0229103
-0.106283	-0.176185	-0.101188	-0.0525201	-0.0499143	-0.0908218	-0.19124	0.104222	-0.00215025	0.00922978	0.076316	0.029302	-0.135452	0.101879	-0.270485	0.256381	-0.146374	0.0293995	-0.047841	0.0351691
-0.101208	-0.179855	-0.103106	-0.0518015	-0.0497697	-0.0957927	-0.198193	0.10996	-0.00504956	0.0052381	0.0788165	0.0242571	-0.138868	0.105775	-0.264472	0.247223	-0.147055	0.0311897	-0.0446311	0.0438354
-0.0962004	-0.186519	-0.100435	-0.0504714	-0.0528374	-0.106303	-0.200632	0.113967	-0.00818018	-0.000944838	0.0820875	0.0177473	-0.141375	0.105744	-0.256475	0.23664	-0.149942	0.0333954	-0.0393348	0.0524594
-0.0913742	-0.193769	-0.0950831	-0.0488959	-0.0578863	-0.121238	-0.199278	0.114884	-0.0103338	-0.00507943	0.083827	0.0115024	-0.14225	0.103051	-0.248196	0.22594	-0.15325	0.0346169	-0.0332788	0.0561144
-0.0856249	-0.199907	-0.0879054	-0.0462168	-0.0613534	-0.132789	-0.193537	0.115276	-0.0119452	-0.0123004	0.0842793	0.00642068	-0.141098	0.0973542	-0.239049	0.215889	-0.156199	0.0355208	-0.0275419	0.0619984
-0.0813232	-0.206677	-0.0830482	-0.0447302	-0.0639994	-0.145355	-0.184855	0.114925	-0.0130105	-0.0190165	0.0825575	0.00269902	-0.140186	0.091256	-0.232946	0.210845	-0.160055	0.0368229	-0.0226201	0.066649
-0.0792669	-0.213105	-0.0799799	-0.0449764	-0.0653913	-0.156544	-0.173623	0.112689	-0.0136207	-0.0241483	0.0793514	0.00137645	-0.139753	0.0848334	-0.22757	0.21068	-0.164162	0.0384291	-0.018988	0.0685941
-0.0782974	-0.217788	-0.0771675	-0.04583	-0.0654852	-0.166443	-0.16132	0.108126	-0.0142302	-0.0266629	0.0750261	0.00213477	-0.139013	0.0781613	-0.22386	0.212983	-0.167405	0.039227	-0.0159082	0.0670943
-0.0777825	-0.220158	-0.074166	-0.0466026	-0.0648189	-0.174163	-0.149491	0.101607	-0.0147094	-0.0269459	0.0705384	0.00454425	-0.137566	0.071742	-0.221868	0.215485	-0.168949	0.0389852	-0.0134303	0.0627031
-0.075838	-0.22347	-0.0717211	-0.0460624	-0.0634258	-0.183241	-0.139939	0.0976342	-0.013064	-0.0278973	0.0641673	0.006467	-0.136238	0.0659276	-0.221698	0.216904	-0.171911	0.0381601	-0.0111532	0.0599698
-0.072998	-0.227382	-0.0698181	-0.0444164	-0.0620478	-0.193559	-0.131576	0.0957249	-0.00992635	-0.0299735	0.0570451	0.00796195	-0.135256	0.0604931	-0.223331	0.217198	-0.17594	0.0371812	-0.0090698	0.0586068
