-0.0862414	-0.154911	-0.0753369	-0.0549834	-0.0157219	-0.112027	-0.089909	0.0380154	-0.00687189	0.0587786	0.00536109	0.0310246	-0.0787411	0.0422996	-0.273249	0.232012	-0.136426	0.00388077	-0.0213603	-0.00617596
-0.0864437	-0.155086	-0.0747556	-0.0551134	-0.0152059	-0.113161	-0.0895271	0.0380516	-0.00655631	0.0594289	0.0047981	0.0312973	-0.0791659	0.0419655	-0.272251	0.232591	-0.137186	0.00378108	-0.0210744	-0.00649055
-0.0865906	-0.155478	-0.0738479	-0.0556929	-0.0143307	-0.115548	-0.0883991	0.037908	-0.00558882	0.0604082	0.00359596	0.0320174	-0.0801518	0.0412153	-0.270083	0.233957	-0.138655	0.00388457	-0.0207213	-0.00742843
-0.0855313	-0.156774	-0.0731695	-0.057124	-0.0123577	-0.119518	-0.0848037	0.0375814	-0.00501479	0.0603997	0.000982221	0.0325061	-0.0812873	0.0388511	-0.268281	0.236332	-0.141164	0.00493426	-0.0196326	-0.00760069
-0.0828584	-0.158371	-0.0727494	-0.0594143	-0.00832715	-0.124713	-0.0766498	0.0357508	-0.00495459	0.0595928	-0.00447665	0.0334372	-0.0813017	0.033936	-0.267293	0.240015	-0.144176	0.00634376	-0.0175451	-0.00754142
-0.080737	-0.159491	-0.0717424	-0.0628653	-0.00430632	-0.131303	-0.0638583	0.0304586	-0.00411379	0.0589708	-0.0113756	0.0369585	-0.0810635	0.0270306	-0.265119	0.245625	-0.147038	0.00784443	-0.0155989	-0.011498
-0.079501	-0.160199	-0.0710336	-0.0674631	-0.00031457	-0.140882	-0.0448576	0.0214656	-0.00193087	0.0584465	-0.0198106	0.0435388	-0.0813831	0.0185963	-0.263494	0.253302	-0.149784	0.00933293	-0.0140697	-0.0202955
-0.0791849	-0.161797	-0.0709263	-0.0734185	0.00354467	-0.154933	-0.0188817	0.00929139	0.00214693	0.0568282	-0.03002	0.0525156	-0.0825922	0.00792561	-0.263355	0.263243	-0.153677	0.0119384	-0.0128783	-0.0317711
-0.0797476	-0.163852	-0.0716643	-0.0799191	0.00724324	-0.175209	0.0145324	-0.00522745	0.0104011	0.0533665	-0.0427147	0.0642955	-0.085192	-0.00479776	-0.26597	0.273732	-0.159044	0.0153965	-0.0122197	-0.0454294
-0.0814457	-0.166545	-0.0738413	-0.0869433	0.0106166	-0.202358	0.0551158	-0.0208408	0.024648	0.046359	-0.0585567	0.0785572	-0.0899174	-0.0193702	-0.271153	0.284771	-0.166768	0.02053	-0.01245	-0.0601158
-0.0863114	-0.168667	-0.0772976	-0.0953159	0.0130966	-0.233476	0.10086	-0.0381018	0.0458198	0.0370608	-0.0765353	0.0958221	-0.0968163	-0.0349504	-0.277451	0.29722	-0.176084	0.0273662	-0.01498	-0.0773703
-0.0968588	-0.168255	-0.0826765	-0.105903	0.0149691	-0.263952	0.150417	-0.059105	0.0731085	0.028417	-0.0952182	0.11789	-0.105339	-0.0494935	-0.280327	0.313607	-0.185294	0.035765	-0.0206081	-0.100051
-0.112447	-0.161935	-0.090331	-0.118578	0.0186604	-0.287802	0.203598	-0.0838659	0.106584	0.0231796	-0.116606	0.144684	-0.11422	-0.0627833	-0.273239	0.331185	-0.191473	0.0454101	-0.0293479	-0.127452
-0.137435	-0.149882	-0.102085	-0.136489	0.024819	-0.302737	0.25694	-0.111711	0.148449	0.0245041	-0.141503	0.178577	-0.126391	-0.0724307	-0.24847	0.355104	-0.19428	0.0568573	-0.0429928	-0.163544
-0.168746	-0.133282	-0.115223	-0.156874	0.0333524	-0.309261	0.305474	-0.140214	0.192944	0.0305786	-0.165858	0.216949	-0.140422	-0.0779756	-0.213278	0.383244	-0.192308	0.0689181	-0.0598348	-0.202543
-0.200481	-0.110423	-0.125892	-0.175269	0.0449588	-0.30765	0.348352	-0.168992	0.232901	0.0370251	-0.185777	0.255943	-0.152208	-0.0827361	-0.181658	0.409731	-0.183551	0.0797017	-0.0758101	-0.237565
-0.239601	-0.0797368	-0.135451	-0.195766	0.0592018	-0.294104	0.384635	-0.201555	0.27067	0.0489993	-0.202236	0.299845	-0.163903	-0.0848889	-0.140298	0.441015	-0.166757	0.0899252	-0.0931812	-0.276737
-0.286129	-0.0432304	-0.146063	-0.219645	0.07637	-0.268904	0.413267	-0.236718	0.307828	0.0692518	-0.217929	0.348717	-0.176246	-0.0827746	-0.0824282	0.478216	-0.144014	0.0996127	-0.112875	-0.321718
-0.337762	-0.00480735	-0.158076	-0.246145	0.0949471	-0.235195	0.433014	-0.271934	0.342562	0.0956193	-0.231019	0.400129	-0.189606	-0.0759292	-0.0131682	0.521469	-0.117316	0.109067	-0.134285	-0.36915
-0.393932	0.0334564	-0.171102	-0.274576	0.112327	-0.194144	0.445448	-0.305741	0.374776	0.125286	-0.238214	0.453496	-0.205684	-0.0654188	0.0614609	0.569462	-0.0880238	0.119395	-0.157959	-0.41653
-0.452693	0.071316	-0.184574	-0.305442	0.128072	-0.145893	0.451078	-0.337985	0.402054	0.157537	-0.23847	0.506946	-0.22339	-0.052116	0.140458	0.620971	-0.0564194	0.130725	-0.183249	-0.463736
-0.511109	0.107982	-0.198391	-0.337019	0.142958	-0.092899	0.450602	-0.367863	0.423525	0.190922	-0.232967	0.558525	-0.241592	-0.0368287	0.220713	0.673112	-0.0227631	0.142464	-0.208809	-0.509544
-0.567179	0.141285	-0.21156	-0.367608	0.155722	-0.0388311	0.444088	-0.392528	0.44099	0.221592	-0.221993	0.607307	-0.261377	-0.0194436	0.300113	0.724629	0.00990157	0.154272	-0.234635	-0.551638
-0.62106	0.171397	-0.223493	-0.396865	0.164692	0.0143005	0.431641	-0.411891	0.456171	0.249843	-0.205008	0.653746	-0.284349	0.000502192	0.377672	0.774246	0.0411822	0.166329	-0.261321	-0.592793
-0.672392	0.199088	-0.23396	-0.423744	0.170593	0.0663832	0.411344	-0.425788	0.468215	0.277104	-0.182849	0.697456	-0.309976	0.0234736	0.451193	0.821809	0.0707369	0.177401	-0.288415	-0.633406
-0.722867	0.225275	-0.243451	-0.448208	0.172363	0.11623	0.383681	-0.436185	0.47701	0.304788	-0.155183	0.738558	-0.338333	0.0494422	0.5201	0.867768	0.0983266	0.188148	-0.315481	-0.675402
-0.771556	0.248228	-0.253067	-0.46984	0.16997	0.162439	0.351375	-0.442307	0.484729	0.331557	-0.124873	0.776934	-0.369048	0.0780979	0.584231	0.912831	0.121233	0.19931	-0.342317	-0.717469
-0.819741	0.266276	-0.264029	-0.489494	0.161918	0.20409	0.315634	-0.443532	0.493745	0.356661	-0.0924891	0.813453	-0.404085	0.109476	0.643267	0.958895	0.137394	0.211272	-0.370167	-0.759934
-0.86872	0.279148	-0.277309	-0.509188	0.147202	0.239966	0.276291	-0.441581	0.504	0.382871	-0.0587442	0.848431	-0.442744	0.143504	0.697768	1.00649	0.147224	0.224243	-0.39881	-0.805386
-0.916368	0.286669	-0.292383	-0.528234	0.128486	0.27272	0.235774	-0.437945	0.515069	0.409094	-0.0272062	0.88155	-0.480288	0.178674	0.750512	1.05476	0.152044	0.237796	-0.426453	-0.850909
-0.962367	0.290521	-0.307896	-0.546862	0.107656	0.304717	0.194621	-0.43458	0.525596	0.435453	0.00145295	0.912393	-0.516449	0.213351	0.802926	1.10247	0.152897	0.251199	-0.452315	-0.896071
-1.00609	0.291105	-0.323598	-0.564758	0.086994	0.336422	0.152475	-0.431404	0.536099	0.462131	0.0244176	0.940606	-0.550001	0.247733	0.859216	1.14963	0.148472	0.263808	-0.475804	-0.9397
-1.04614	0.294606	-0.338389	-0.580136	0.0706472	0.369618	0.110193	-0.431452	0.545777	0.489171	0.0404783	0.966484	-0.577065	0.281366	0.916517	1.19213	0.144181	0.274949	-0.494742	-0.980673
-1.0824	0.302586	-0.352066	-0.591893	0.0629506	0.406489	0.0677983	-0.434553	0.554822	0.515653	0.0476172	0.99224	-0.598805	0.313763	0.969979	1.23311	0.139844	0.284179	-0.507993	-1.01597
-1.10396	0.314651	-0.359469	-0.594725	0.0635138	0.435026	0.0309086	-0.437687	0.560252	0.533378	0.0461979	1.01132	-0.614741	0.340166	1.00833	1.25772	0.136921	0.289591	-0.511223	-1.03871
-1.10875	0.326466	-0.359454	-0.593009	0.0644423	0.449324	0.0053043	-0.437549	0.555605	0.540299	0.0492011	1.01728	-0.625456	0.35509	1.02442	1.2614	0.140772	0.290697	-0.509035	-1.04923
-1.10825	0.329647	-0.359417	-0.596434	0.0591341	0.458623	-0.00543634	-0.435856	0.544433	0.542056	0.0607634	1.01449	-0.629127	0.359307	1.02838	1.25762	0.149971	0.291135	-0.509085	-1.05114
-1.09906	0.316307	-0.359714	-0.600017	0.0487229	0.460436	0.000558378	-0.429313	0.534213	0.532616	0.070652	1.00169	-0.622507	0.35399	1.02536	1.24695	0.153002	0.290844	-0.510104	-1.03894
-1.08225	0.297006	-0.358797	-0.602839	0.0424838	0.452678	0.0190195	-0.422017	0.521795	0.514792	0.0764073	0.98209	-0.610832	0.33905	1.0092	1.23429	0.151226	0.290351	-0.509419	-1.01578
-1.06314	0.280836	-0.356103	-0.601717	0.0429283	0.441013	0.0379144	-0.415399	0.507423	0.49728	0.0793921	0.963361	-0.59572	0.32025	0.975807	1.22496	0.147734	0.286346	-0.505642	-0.989146
-1.04174	0.268119	-0.350819	-0.595544	0.047983	0.42521	0.0584081	-0.410721	0.493579	0.479845	0.077702	0.946284	-0.577188	0.299642	0.932821	1.21517	0.144583	0.278643	-0.497426	-0.96229
-1.01561	0.25942	-0.343437	-0.585819	0.0570505	0.404467	0.0839955	-0.410613	0.47975	0.463523	0.0701639	0.928362	-0.554457	0.278031	0.888378	1.20032	0.143585	0.268168	-0.484511	-0.93665
-0.987539	0.25303	-0.335567	-0.574538	0.068131	0.374808	0.113312	-0.411543	0.468032	0.446821	0.0599263	0.909569	-0.533375	0.254682	0.833048	1.18055	0.141439	0.257673	-0.469315	-0.90965
-0.957819	0.247951	-0.326955	-0.561032	0.0827552	0.341834	0.146016	-0.41135	0.460155	0.426192	0.0448558	0.891515	-0.513351	0.229911	0.772759	1.15911	0.13725	0.247163	-0.452599	-0.877951
-0.92477	0.245881	-0.316673	-0.545558	0.100372	0.306291	0.181361	-0.413442	0.455549	0.403814	0.0222101	0.872369	-0.492059	0.204471	0.718285	1.13329	0.132243	0.236003	-0.433061	-0.846984
-0.890131	0.245762	-0.305565	-0.528278	0.118532	0.267987	0.219264	-0.417889	0.453822	0.382792	-0.003231	0.853194	-0.469489	0.178132	0.660373	1.10162	0.127554	0.224469	-0.41189	-0.817941
-0.852933	0.245505	-0.294996	-0.510988	0.138334	0.226457	0.259701	-0.421986	0.452791	0.35993	-0.0318402	0.831704	-0.44678	0.149618	0.596437	1.0655	0.121661	0.214678	-0.388561	-0.785152
-0.813183	0.246217	-0.283717	-0.492689	0.158448	0.186751	0.300921	-0.427914	0.452706	0.337673	-0.0651403	0.808298	-0.420262	0.121083	0.540037	1.02425	0.115748	0.204777	-0.363354	-0.751589
-0.772127	0.24713	-0.271132	-0.472204	0.175651	0.147623	0.340627	-0.433883	0.454695	0.317157	-0.10017	0.783507	-0.391827	0.0936911	0.488339	0.977392	0.108415	0.193809	-0.338106	-0.719979
-0.731427	0.246083	-0.258128	-0.450113	0.189071	0.108704	0.377159	-0.437556	0.458227	0.296754	-0.134124	0.75756	-0.36441	0.0672307	0.436545	0.92839	0.0982299	0.18275	-0.313798	-0.688076
-0.690317	0.242001	-0.244621	-0.425683	0.197571	0.0689291	0.408441	-0.438047	0.46358	0.277361	-0.168269	0.729446	-0.337462	0.0422234	0.385825	0.876218	0.0844521	0.171165	-0.290463	-0.65591
-0.648189	0.23385	-0.230543	-0.398426	0.20104	0.027361	0.432301	-0.433763	0.470078	0.259993	-0.201913	0.698641	-0.311664	0.0195096	0.336277	0.819641	0.0671374	0.158437	-0.268099	-0.624009
-0.604047	0.221415	-0.215167	-0.367509	0.198703	-0.0174973	0.447349	-0.423031	0.475052	0.243304	-0.231296	0.66448	-0.288453	-3.68762e-05	0.284181	0.758	0.0462881	0.144297	-0.246286	-0.591702
-0.557196	0.204569	-0.198953	-0.333634	0.191568	-0.0639773	0.453129	-0.405796	0.475732	0.226386	-0.25439	0.625942	-0.267299	-0.0162275	0.227271	0.693115	0.0225608	0.129075	-0.225008	-0.557381
-0.506218	0.183873	-0.182709	-0.297118	0.181506	-0.109758	0.449778	-0.381624	0.471574	0.209415	-0.271143	0.583167	-0.247115	-0.0289287	0.163185	0.625344	-0.00312042	0.112597	-0.204412	-0.520166
-0.450312	0.158861	-0.165486	-0.258827	0.169131	-0.155235	0.44001	-0.352278	0.461315	0.190104	-0.281829	0.535807	-0.226343	-0.0399466	0.0931153	0.555389	-0.0302117	0.0953915	-0.183053	-0.478472
-0.392375	0.130664	-0.145904	-0.219928	0.154161	-0.198297	0.425057	-0.321175	0.444567	0.169105	-0.2853	0.485479	-0.203954	-0.0507067	0.0191137	0.485122	-0.056842	0.0774042	-0.161238	-0.434347
-0.336897	0.100873	-0.125152	-0.183021	0.136742	-0.236743	0.405226	-0.291026	0.423299	0.149941	-0.282069	0.435363	-0.180737	-0.0609454	-0.0545863	0.418547	-0.0811642	0.0594232	-0.140628	-0.392209
-0.285078	0.0691067	-0.104167	-0.149315	0.117655	-0.269694	0.381606	-0.261063	0.398291	0.131988	-0.272142	0.386337	-0.158282	-0.0699453	-0.123232	0.358327	-0.103648	0.0424524	-0.122261	-0.351708
-0.239348	0.0360713	-0.0820672	-0.120158	0.0957124	-0.300667	0.353048	-0.232138	0.370089	0.115919	-0.254962	0.339267	-0.139346	-0.0772642	-0.18426	0.305133	-0.124473	0.0272026	-0.106068	-0.31653
-0.198455	0.00303048	-0.0593016	-0.093828	0.0733359	-0.326567	0.319542	-0.202276	0.339209	0.10072	-0.23124	0.296041	-0.125078	-0.0817251	-0.239919	0.260314	-0.142973	0.0127696	-0.0923136	-0.28499
-0.16516	-0.0272316	-0.037095	-0.0726463	0.0498475	-0.348956	0.279661	-0.173485	0.306522	0.0911468	-0.201976	0.257419	-0.117202	-0.082357	-0.287007	0.22324	-0.157053	-1.35473e-05	-0.081052	-0.262205
-0.138862	-0.0535291	-0.016151	-0.0558735	0.029222	-0.36132	0.234301	-0.145866	0.27344	0.0879771	-0.170845	0.2253	-0.111894	-0.0785159	-0.317896	0.19407	-0.164747	-0.0116543	-0.071572	-0.245372
-0.117328	-0.0735671	0.00364008	-0.040854	0.0143018	-0.365922	0.185885	-0.119275	0.240334	0.0879905	-0.141945	0.198394	-0.10879	-0.0726091	-0.34111	0.172063	-0.16729	-0.0231271	-0.0618728	-0.229926
-0.103474	-0.0865547	0.0195667	-0.0292861	0.0045717	-0.360824	0.139669	-0.0962368	0.210529	0.0917561	-0.11836	0.178116	-0.10733	-0.0654127	-0.351927	0.159373	-0.165996	-0.0333315	-0.0529982	-0.216871
-0.098379	-0.0974991	0.0294246	-0.0233457	-0.00364067	-0.344978	0.0960901	-0.0773325	0.184924	0.0987783	-0.0994138	0.163001	-0.105677	-0.0555318	-0.347245	0.158809	-0.163968	-0.0405682	-0.0473801	-0.205683
-0.0932667	-0.10898	0.0339517	-0.0193348	-0.00937108	-0.319774	0.0593396	-0.0587969	0.159453	0.100101	-0.0836296	0.147373	-0.10106	-0.0466269	-0.339853	0.164808	-0.162333	-0.0445713	-0.0417639	-0.184388
-0.0932467	-0.118491	0.0348753	-0.0173308	-0.0176365	-0.288011	0.0280167	-0.0427812	0.137242	0.0986378	-0.0670435	0.134437	-0.0974964	-0.0375342	-0.329548	0.176184	-0.160235	-0.04624	-0.0394734	-0.163001
-0.0947978	-0.125652	0.0348731	-0.0151145	-0.0280275	-0.257775	0.00171524	-0.0305795	0.114732	0.095363	-0.0503678	0.11968	-0.0916534	-0.0298863	-0.322279	0.186093	-0.157853	-0.0471073	-0.036146	-0.142368
-0.0975084	-0.132764	0.0341086	-0.0128249	-0.0392818	-0.232299	-0.0229627	-0.0180949	0.0960365	0.091493	-0.0351164	0.103898	-0.0858671	-0.0214374	-0.316364	0.19447	-0.156857	-0.0463388	-0.0321471	-0.123865
