0.101174	0.122996	0.290123	0.167683	-0.0468362	0.0677556	0.0155421	-0.0861913	0.111689	0.122851	0.0407011	0.0113449	0.17648	-0.170749	-0.619732	-0.286419	0.0387185	-0.140644	0.012327	-0.0368434
0.100835	0.122753	0.290567	0.167339	-0.0474733	0.0674017	0.0161819	-0.0867236	0.110957	0.12233	0.0417499	0.0110027	0.17634	-0.170893	-0.618085	-0.286655	0.0387574	-0.140093	0.0126546	-0.036717
0.100325	0.122424	0.291168	0.166976	-0.0483131	0.0668891	0.016945	-0.0873079	0.11027	0.121643	0.0429922	0.0106855	0.176121	-0.171141	-0.616041	-0.286931	0.0387288	-0.139406	0.0129947	-0.0366774
0.0997693	0.122225	0.291465	0.166402	-0.0489412	0.0664756	0.0180455	-0.087779	0.110196	0.120977	0.0437249	0.0108098	0.175602	-0.171175	-0.612772	-0.28671	0.0386068	-0.138759	0.0131644	-0.0371358
0.101349	0.12274	0.291887	0.165102	-0.0492104	0.0654702	0.0215956	-0.0885604	0.110584	0.118954	0.043852	0.0106824	0.175121	-0.171723	-0.6084	-0.287149	0.0383945	-0.138019	0.0139751	-0.0382814
0.108115	0.124696	0.292922	0.163296	-0.0494308	0.0630713	0.0293547	-0.0895323	0.1127	0.112853	0.0430314	0.00938296	0.175889	-0.173738	-0.60506	-0.290693	0.0379035	-0.136845	0.0159243	-0.0396811
0.119452	0.128494	0.292443	0.160849	-0.0480567	0.0601946	0.0410341	-0.089521	0.118538	0.103335	0.0392789	0.00880072	0.176755	-0.175977	-0.604351	-0.294698	0.036631	-0.134893	0.017758	-0.0414462
0.133318	0.132718	0.286373	0.156695	-0.0438703	0.0584129	0.0553829	-0.0868807	0.126746	0.0909536	0.0323543	0.00972146	0.17639	-0.177224	-0.613029	-0.293845	0.0341138	-0.130946	0.018193	-0.0414802
0.148795	0.137711	0.272394	0.150827	-0.0340921	0.0618624	0.067439	-0.0799415	0.136822	0.0804461	0.0198141	0.0131396	0.174094	-0.175988	-0.637332	-0.284289	0.0307749	-0.127243	0.0152854	-0.0400969
0.165065	0.143768	0.248765	0.144335	-0.0163705	0.0723682	0.0720111	-0.0668297	0.149835	0.0766507	-0.00161047	0.0202968	0.170079	-0.169677	-0.676443	-0.265162	0.0273224	-0.126586	0.00764179	-0.0383862
0.181241	0.150449	0.215558	0.138004	0.0098064	0.0893785	0.068263	-0.0473297	0.166379	0.0811661	-0.0331405	0.0317977	0.164302	-0.157803	-0.728532	-0.236114	0.0234116	-0.129347	-0.0047651	-0.0360699
0.196211	0.157803	0.175439	0.132268	0.0425933	0.110583	0.0586252	-0.0226597	0.187194	0.0927765	-0.0729884	0.0473102	0.155954	-0.141529	-0.792083	-0.199134	0.0182454	-0.134065	-0.0208249	-0.0330374
0.20914	0.167207	0.132895	0.126956	0.0780956	0.133387	0.0483021	0.00370022	0.212423	0.108021	-0.11641	0.0659235	0.144809	-0.123215	-0.864438	-0.158377	0.0121315	-0.138249	-0.0386679	-0.0304237
0.219571	0.178362	0.0899497	0.1214	0.113423	0.1553	0.0414723	0.0293785	0.240114	0.123376	-0.158532	0.085941	0.130619	-0.104541	-0.942436	-0.116152	0.00500156	-0.139425	-0.0563452	-0.0282102
0.227894	0.189557	0.0488982	0.114988	0.145641	0.173699	0.0412086	0.0522976	0.266964	0.134384	-0.195089	0.104788	0.114598	-0.0878977	-1.02099	-0.0752441	-0.0033721	-0.135985	-0.0718134	-0.0257282
0.235512	0.201076	0.0133873	0.109339	0.173434	0.188819	0.0460299	0.0703167	0.291035	0.141348	-0.225515	0.120651	0.100486	-0.0742355	-1.09167	-0.0408511	-0.0110519	-0.13028	-0.0834689	-0.0231852
0.241455	0.212425	-0.0172322	0.104122	0.196544	0.202558	0.0542964	0.0833987	0.309979	0.145012	-0.249226	0.133433	0.0891011	-0.0632229	-1.15307	-0.0121152	-0.0166853	-0.12304	-0.0918506	-0.020336
0.243799	0.219812	-0.0416869	0.0995525	0.212753	0.210676	0.0622203	0.0935183	0.325124	0.145773	-0.265969	0.14345	0.0781415	-0.0530597	-1.19686	0.0120754	-0.0222609	-0.115733	-0.0972403	-0.0176273
0.244538	0.222847	-0.0612279	0.095027	0.225017	0.214996	0.0689139	0.101523	0.334583	0.144635	-0.277749	0.149575	0.0687777	-0.0446055	-1.22862	0.0330106	-0.0279215	-0.109023	-0.0996775	-0.0128659
0.24325	0.223076	-0.0769106	0.090773	0.234031	0.217411	0.0735869	0.107371	0.338871	0.143578	-0.285232	0.153014	0.0610579	-0.0371028	-1.24902	0.0510621	-0.0326473	-0.103448	-0.100191	-0.00723371
0.239137	0.222183	-0.0901207	0.087035	0.240489	0.219753	0.0755414	0.111328	0.338469	0.144047	-0.28835	0.154872	0.0549758	-0.0299942	-1.26239	0.0664235	-0.0353636	-0.0987534	-0.100003	-0.00186178
0.234328	0.217751	-0.101978	0.082888	0.245253	0.220907	0.0753322	0.114363	0.332585	0.144258	-0.289296	0.154386	0.0517674	-0.0247075	-1.26877	0.080075	-0.0372878	-0.0950731	-0.099404	0.00455487
0.22884	0.21379	-0.10753	0.0810284	0.247511	0.223606	0.0692486	0.115271	0.323834	0.147618	-0.287542	0.152259	0.0516193	-0.0213348	-1.26604	0.0884001	-0.0368949	-0.0954147	-0.0985427	0.00894187
0.224212	0.212416	-0.110621	0.0805285	0.248881	0.226902	0.0615381	0.116492	0.318569	0.151141	-0.285664	0.151349	0.0522516	-0.0191745	-1.26683	0.0927215	-0.0355738	-0.0966203	-0.0997508	0.0105475
0.219971	0.217881	-0.10881	0.0818162	0.247742	0.231818	0.0549111	0.116463	0.321298	0.154933	-0.282531	0.153857	0.0517203	-0.0184565	-1.27411	0.0920824	-0.0331611	-0.0977253	-0.103681	0.00555006
0.217734	0.223959	-0.104911	0.0844357	0.245914	0.23579	0.0483052	0.116941	0.326894	0.158096	-0.280809	0.155897	0.0522352	-0.0187569	-1.28151	0.0876268	-0.0309756	-0.099319	-0.107853	-9.83666e-05
0.21687	0.230612	-0.100372	0.0872913	0.243688	0.238326	0.0443053	0.117377	0.335827	0.160589	-0.28066	0.159069	0.0521903	-0.0195155	-1.29168	0.0822493	-0.0292939	-0.100489	-0.112293	-0.00766774
0.216294	0.239398	-0.0956512	0.0900618	0.241685	0.241105	0.0421709	0.1174	0.347179	0.163377	-0.280893	0.16372	0.0519115	-0.0208563	-1.30589	0.0756828	-0.0271383	-0.101032	-0.117695	-0.0175757
0.217942	0.252219	-0.0901328	0.0933132	0.240519	0.244374	0.0422151	0.118416	0.365868	0.164957	-0.283143	0.170953	0.0515437	-0.0234441	-1.32832	0.0664416	-0.0253029	-0.100437	-0.125882	-0.0307155
0.222346	0.267608	-0.0839414	0.0962332	0.240145	0.247288	0.0464266	0.120313	0.390795	0.163451	-0.287155	0.179965	0.0498983	-0.0272028	-1.35715	0.0568383	-0.025242	-0.0979907	-0.135161	-0.0448561
0.229219	0.28006	-0.0805016	0.0971719	0.241133	0.248664	0.0573956	0.121953	0.413957	0.157343	-0.293132	0.187621	0.0485139	-0.0323162	-1.38179	0.0493292	-0.0272426	-0.0924123	-0.142065	-0.0546956
0.233056	0.283035	-0.0797355	0.0972922	0.24242	0.250798	0.0628678	0.122607	0.42148	0.153479	-0.297411	0.18905	0.0502254	-0.035039	-1.38507	0.0460599	-0.0284217	-0.0897732	-0.143555	-0.0550555
0.234782	0.285706	-0.0761216	0.0983576	0.241394	0.254589	0.0633343	0.122305	0.425144	0.152487	-0.297922	0.189233	0.0520773	-0.0366085	-1.3813	0.0411685	-0.0272235	-0.0895372	-0.144309	-0.0554518
0.236131	0.290208	-0.0680547	0.101132	0.238429	0.259536	0.0580398	0.120586	0.427191	0.15549	-0.294988	0.188471	0.054606	-0.0372981	-1.37336	0.0313867	-0.023897	-0.0930226	-0.145122	-0.0590323
0.239009	0.295341	-0.0580197	0.105114	0.234967	0.262958	0.0522169	0.11865	0.430076	0.159203	-0.291662	0.187211	0.0573052	-0.0382221	-1.36646	0.0194378	-0.0207491	-0.0979106	-0.145446	-0.064494
0.242867	0.300213	-0.0462144	0.109794	0.230562	0.265094	0.0467784	0.116538	0.43408	0.162141	-0.288566	0.185574	0.060448	-0.0400894	-1.35972	0.00571272	-0.0179609	-0.103041	-0.145448	-0.0705564
0.247145	0.303855	-0.031854	0.114872	0.225107	0.266259	0.0401732	0.114657	0.437374	0.16375	-0.283964	0.183122	0.0637702	-0.043884	-1.3535	-0.00944289	-0.0158131	-0.108589	-0.145399	-0.0760447
0.251665	0.308157	-0.0134503	0.120767	0.217602	0.265861	0.0340242	0.111824	0.441879	0.164118	-0.277654	0.180652	0.0674721	-0.0498814	-1.34695	-0.0278131	-0.0134838	-0.11452	-0.145442	-0.0826312
0.255306	0.310133	0.00699226	0.126359	0.208442	0.262927	0.0277607	0.107908	0.443892	0.163204	-0.269457	0.177214	0.0718015	-0.0576204	-1.33872	-0.0459712	-0.0118326	-0.120765	-0.144938	-0.0888091
0.257642	0.3112	0.028966	0.131753	0.197005	0.257581	0.0223959	0.103544	0.445526	0.160161	-0.258047	0.173663	0.0751047	-0.0664489	-1.33161	-0.0649426	-0.0107458	-0.125572	-0.144617	-0.0952449
0.259134	0.310789	0.0517588	0.13697	0.183836	0.250731	0.0181279	0.0982875	0.445982	0.155348	-0.24511	0.169754	0.0788214	-0.0764583	-1.32185	-0.0844562	-0.00986192	-0.129469	-0.144024	-0.101648
0.26004	0.31026	0.0761995	0.143023	0.168642	0.242928	0.0136117	0.0922994	0.446153	0.149735	-0.230123	0.165482	0.0833944	-0.0869379	-1.31084	-0.106803	-0.00821475	-0.133138	-0.143239	-0.108967
0.260632	0.309481	0.101617	0.149326	0.151874	0.234765	0.0102041	0.0851836	0.445842	0.143344	-0.213772	0.161087	0.0889102	-0.0983327	-1.29823	-0.131281	-0.00582184	-0.136198	-0.142368	-0.117231
0.260256	0.308391	0.127549	0.155896	0.133493	0.226268	0.00629303	0.077536	0.445023	0.136708	-0.195851	0.156416	0.0951388	-0.109596	-1.28283	-0.157654	-0.0025983	-0.138977	-0.141551	-0.12634
0.25881	0.30701	0.15362	0.162526	0.113821	0.217935	0.00244849	0.0688805	0.442254	0.1297	-0.175904	0.151107	0.102357	-0.121001	-1.26304	-0.185918	0.0018501	-0.141159	-0.140444	-0.135482
0.255524	0.304696	0.177858	0.168926	0.0938154	0.21085	-0.0027279	0.0601956	0.436564	0.123235	-0.154615	0.144931	0.110032	-0.131139	-1.23916	-0.213792	0.00742144	-0.143096	-0.138961	-0.142931
0.25082	0.303156	0.200961	0.174974	0.0737502	0.205404	-0.00825909	0.0510427	0.429376	0.117714	-0.132117	0.138622	0.117453	-0.140257	-1.21388	-0.241539	0.0142387	-0.144626	-0.137409	-0.150022
0.245922	0.302478	0.221522	0.180409	0.0553523	0.20083	-0.0128361	0.0426395	0.423145	0.112653	-0.111538	0.132812	0.124313	-0.148322	-1.18943	-0.26786	0.0210635	-0.145276	-0.136133	-0.156178
0.241035	0.303627	0.240986	0.185294	0.038182	0.197024	-0.0161994	0.0345915	0.418844	0.108077	-0.0922885	0.12797	0.130492	-0.15591	-1.16639	-0.293459	0.0279054	-0.145048	-0.135449	-0.162758
0.23687	0.306547	0.259853	0.189481	0.0221572	0.192316	-0.0168165	0.0267033	0.417513	0.103077	-0.0750675	0.12445	0.136522	-0.164291	-1.14676	-0.319026	0.0343479	-0.143335	-0.135652	-0.170592
0.232212	0.310262	0.278676	0.193432	0.00627911	0.18811	-0.0176484	0.0186531	0.416213	0.0984375	-0.0573751	0.120841	0.142131	-0.172171	-1.12805	-0.343882	0.0407433	-0.141465	-0.135591	-0.178335
0.227041	0.312742	0.294388	0.196972	-0.00767544	0.184712	-0.01945	0.0116445	0.413381	0.0949318	-0.0411558	0.117046	0.146987	-0.178233	-1.10932	-0.365204	0.0465489	-0.139826	-0.134959	-0.184149
0.221752	0.314276	0.306757	0.199945	-0.0191034	0.18174	-0.021319	0.00573101	0.410345	0.0927479	-0.0281278	0.113923	0.151677	-0.182996	-1.09229	-0.382609	0.0516411	-0.138438	-0.134367	-0.188772
0.216691	0.314326	0.315402	0.202041	-0.0277589	0.17943	-0.023119	0.0009221	0.406412	0.0917126	-0.0183118	0.111328	0.155703	-0.186222	-1.07676	-0.395005	0.0558046	-0.137444	-0.133619	-0.191594
0.211295	0.313427	0.321514	0.20355	-0.034518	0.177532	-0.0252762	-0.00303575	0.402459	0.0917622	-0.0109111	0.109558	0.15911	-0.18828	-1.06365	-0.403001	0.0590136	-0.136996	-0.13312	-0.193762
0.206109	0.312339	0.325701	0.204848	-0.0395175	0.176948	-0.0278583	-0.0065407	0.398345	0.0927636	-0.00521189	0.108559	0.161818	-0.189173	-1.05382	-0.407089	0.0616293	-0.137377	-0.132618	-0.195401
0.201297	0.31078	0.329055	0.206111	-0.0436513	0.176112	-0.0301383	-0.00970548	0.394809	0.0938684	-0.00102307	0.108206	0.164088	-0.189882	-1.04719	-0.408685	0.0633653	-0.138254	-0.132083	-0.19707
0.196553	0.3098	0.332651	0.207648	-0.0474706	0.175312	-0.0323552	-0.0127487	0.392963	0.0952867	0.00211138	0.108803	0.166202	-0.190866	-1.04381	-0.40942	0.0647056	-0.139418	-0.132063	-0.199771
0.192104	0.308898	0.336682	0.209227	-0.0512102	0.174184	-0.0343111	-0.015644	0.391952	0.0962979	0.00514098	0.109577	0.168016	-0.192337	-1.04275	-0.409814	0.0654021	-0.140522	-0.132109	-0.202676
0.188371	0.308416	0.340739	0.210816	-0.0544574	0.173172	-0.0363258	-0.0179804	0.392065	0.0970877	0.00771093	0.110429	0.169413	-0.193835	-1.04362	-0.409936	0.0655344	-0.141671	-0.132268	-0.205628
0.185268	0.308155	0.34383	0.212274	-0.0565929	0.172562	-0.0383748	-0.0195935	0.392771	0.0981439	0.00920166	0.111296	0.170615	-0.195022	-1.04551	-0.409488	0.0653053	-0.14278	-0.132543	-0.20815
0.182311	0.30803	0.346345	0.213365	-0.0583255	0.172083	-0.0402665	-0.0211028	0.393409	0.0996057	0.0104063	0.112196	0.171663	-0.195873	-1.04683	-0.408841	0.0651589	-0.14383	-0.132896	-0.210841
0.179707	0.308063	0.348103	0.214101	-0.0595953	0.172059	-0.0420651	-0.0224125	0.393594	0.101286	0.0114797	0.112919	0.172484	-0.19622	-1.04738	-0.408194	0.0652678	-0.144796	-0.133191	-0.213201
0.177712	0.308173	0.34882	0.21441	-0.0601337	0.172296	-0.0435469	-0.0233129	0.393512	0.103147	0.011987	0.113486	0.173061	-0.196075	-1.04732	-0.407477	0.0655248	-0.14555	-0.133501	-0.215061
0.176238	0.308576	0.348922	0.214444	-0.0602997	0.172711	-0.0447684	-0.0239279	0.393284	0.105095	0.0122699	0.113884	0.173484	-0.19549	-1.04613	-0.407351	0.066097	-0.146121	-0.133835	-0.216629
0.175003	0.308429	0.348825	0.214755	-0.0609642	0.171812	-0.0467568	-0.023382	0.394339	0.106477	0.012334	0.114216	0.173049	-0.194001	-1.04291	-0.408194	0.0660828	-0.146675	-0.134366	-0.217882
0.174081	0.307819	0.34848	0.21543	-0.0620357	0.16986	-0.0493978	-0.0219107	0.396315	0.107361	0.0123978	0.114592	0.171912	-0.191909	-1.0389	-0.409947	0.0656499	-0.147127	-0.135062	-0.219215
0.174369	0.307707	0.347782	0.215959	-0.0621955	0.168762	-0.0508461	-0.0210152	0.396686	0.108048	0.0127008	0.114284	0.1716	-0.19053	-1.03657	-0.412521	0.0659012	-0.147174	-0.135073	-0.219794
0.175124	0.308539	0.347349	0.21653	-0.0619617	0.168363	-0.0513427	-0.0206764	0.396745	0.108471	0.0132281	0.113897	0.171885	-0.189923	-1.03582	-0.415825	0.0667185	-0.146899	-0.134964	-0.220206
0.175746	0.310171	0.347803	0.217147	-0.0622511	0.16799	-0.0513455	-0.0210923	0.397074	0.108999	0.0143094	0.113729	0.172348	-0.189808	-1.03533	-0.419908	0.0679367	-0.146609	-0.135009	-0.221771
