0.0954407	0.128253	0.319017	0.171377	-0.0733382	0.0581975	0.0277446	-0.108185	0.10822	0.116649	0.0657034	0.00987584	0.18142	-0.180088	-0.582909	-0.316	0.0466959	-0.136389	0.0159702	-0.0584906
0.09572	0.12847	0.319634	0.171591	-0.0734705	0.057802	0.0282531	-0.108122	0.108567	0.116463	0.0657854	0.00988381	0.18121	-0.180794	-0.582365	-0.317413	0.0468875	-0.136167	0.0158535	-0.0584874
0.0959673	0.128503	0.320106	0.171736	-0.0736933	0.0570063	0.0288723	-0.107908	0.109191	0.116151	0.0656999	0.0100116	0.180752	-0.181371	-0.581251	-0.318574	0.0468758	-0.135909	0.0157042	-0.0586388
0.0983369	0.129467	0.320282	0.170956	-0.0732681	0.0566205	0.0312074	-0.107574	0.110487	0.114771	0.0649482	0.0101287	0.179957	-0.18198	-0.580186	-0.319166	0.0466928	-0.135835	0.0157858	-0.0597313
0.10536	0.132582	0.319807	0.169967	-0.0722945	0.0563673	0.0355575	-0.106339	0.114492	0.110368	0.0629334	0.0100196	0.179427	-0.182529	-0.582719	-0.321762	0.0464509	-0.136036	0.0159798	-0.0617246
0.117535	0.13693	0.314589	0.168647	-0.0681842	0.056621	0.0419052	-0.102481	0.122189	0.103641	0.0559964	0.0110226	0.179048	-0.181137	-0.590116	-0.322796	0.0455698	-0.1363	0.0155934	-0.063255
0.132712	0.142854	0.301104	0.165313	-0.0576642	0.0629116	0.0474772	-0.0946248	0.131675	0.0976048	0.0429295	0.0140651	0.17814	-0.177502	-0.612143	-0.315548	0.0440637	-0.13642	0.0125222	-0.0624536
0.147787	0.149535	0.279816	0.160494	-0.0415485	0.0748537	0.0481524	-0.081536	0.144324	0.0947907	0.0240083	0.020532	0.174636	-0.170417	-0.649739	-0.298464	0.0414769	-0.13757	0.00503595	-0.0608533
0.162522	0.157091	0.249791	0.154771	-0.0178694	0.0927032	0.0424837	-0.0627204	0.160293	0.0982425	-0.00316638	0.0310239	0.16853	-0.158923	-0.702509	-0.271014	0.0379026	-0.140956	-0.00703446	-0.0586169
0.177077	0.16613	0.211447	0.148628	0.0135308	0.11538	0.0326673	-0.0389444	0.180545	0.108147	-0.0392538	0.0458576	0.160215	-0.14343	-0.7692	-0.234471	0.0333261	-0.145661	-0.0230908	-0.0559479
0.19065	0.17615	0.167637	0.14208	0.0496267	0.13945	0.0228676	-0.0118989	0.205876	0.121298	-0.0814829	0.0644612	0.148639	-0.12555	-0.847856	-0.190975	0.0266548	-0.149192	-0.0416969	-0.0527181
0.20215	0.187227	0.122466	0.134991	0.0863813	0.16255	0.0171839	0.0152791	0.234285	0.133854	-0.124125	0.0847795	0.133807	-0.107917	-0.935117	-0.14451	0.0180367	-0.149191	-0.0605658	-0.0489296
0.211837	0.197863	0.0786768	0.127564	0.121092	0.182075	0.0180397	0.0402798	0.263212	0.142668	-0.164222	0.104378	0.117807	-0.0918689	-1.01964	-0.0990487	0.00781682	-0.144966	-0.0770597	-0.0440363
0.219563	0.206213	0.0390428	0.119548	0.151103	0.196553	0.0255495	0.0604313	0.287113	0.146627	-0.197864	0.120615	0.102683	-0.0786444	-1.09169	-0.0576099	-0.00262146	-0.137273	-0.0889234	-0.0377785
0.22467	0.213499	0.00578233	0.112802	0.175378	0.207821	0.0335962	0.076	0.306426	0.148683	-0.224431	0.133565	0.0900663	-0.0669657	-1.14845	-0.023242	-0.0112397	-0.1295	-0.0972019	-0.0321817
0.227123	0.217469	-0.0232226	0.105934	0.1947	0.215677	0.0428308	0.0872135	0.318152	0.148602	-0.244294	0.142733	0.0795773	-0.0566395	-1.18969	0.00705944	-0.0183573	-0.121339	-0.10165	-0.0252667
0.228021	0.216946	-0.0484212	0.0984962	0.210108	0.219509	0.0528059	0.0954883	0.322594	0.146093	-0.258791	0.148184	0.0702981	-0.0479016	-1.21653	0.0350295	-0.0252098	-0.113173	-0.102539	-0.0160601
0.228994	0.213854	-0.0702383	0.0902532	0.222874	0.2213	0.0633838	0.101104	0.321333	0.142072	-0.269557	0.150902	0.0630646	-0.0410601	-1.23178	0.0601199	-0.031041	-0.105376	-0.101209	-0.00597329
0.229431	0.209617	-0.0886041	0.082346	0.233229	0.222721	0.0721702	0.104761	0.315347	0.137981	-0.276298	0.151287	0.0577812	-0.0356597	-1.23971	0.0814496	-0.0352702	-0.0984755	-0.0987023	0.00462899
0.228612	0.204787	-0.104303	0.0749487	0.241429	0.224228	0.0779673	0.107627	0.307011	0.134786	-0.280125	0.150376	0.0534799	-0.0308778	-1.24332	0.100001	-0.0384021	-0.0927906	-0.0962083	0.0147677
0.226113	0.200507	-0.116746	0.069506	0.246744	0.22685	0.0787656	0.110344	0.29878	0.133013	-0.281303	0.148867	0.0506744	-0.0263038	-1.24473	0.114487	-0.0400039	-0.0886637	-0.0950011	0.0227323
0.222854	0.199141	-0.124139	0.0658366	0.249889	0.231214	0.0755224	0.111754	0.291443	0.134088	-0.279525	0.147527	0.0484535	-0.0223019	-1.24532	0.1238	-0.0395641	-0.0868496	-0.0947964	0.0271888
0.219079	0.200119	-0.129024	0.0638758	0.251674	0.236344	0.0703592	0.112838	0.287066	0.136608	-0.277258	0.146976	0.0470681	-0.0184972	-1.2472	0.129038	-0.0380327	-0.0860249	-0.0958413	0.028693
0.21638	0.203091	-0.129731	0.0636867	0.251719	0.241152	0.0653013	0.112538	0.285281	0.139812	-0.274797	0.147064	0.0468191	-0.0165876	-1.24813	0.129651	-0.0356852	-0.0865119	-0.0972925	0.0268517
0.214435	0.210881	-0.125573	0.0667364	0.250842	0.24745	0.0576905	0.112149	0.290463	0.145537	-0.273747	0.149134	0.048099	-0.0162992	-1.25468	0.123579	-0.0318022	-0.0892703	-0.101224	0.0197569
0.213087	0.221094	-0.118079	0.0719243	0.249483	0.253311	0.0497018	0.11182	0.30167	0.152435	-0.27475	0.153182	0.0499529	-0.0171289	-1.264	0.114819	-0.0283652	-0.0935271	-0.106541	0.0086524
0.211756	0.229772	-0.112034	0.0765947	0.248018	0.25642	0.0448762	0.112274	0.315511	0.1571	-0.277345	0.158429	0.0508079	-0.0178477	-1.27337	0.107805	-0.0268367	-0.0962259	-0.112074	-0.00233691
0.211295	0.238697	-0.106784	0.0803956	0.247352	0.259581	0.0426169	0.112511	0.328492	0.160779	-0.279813	0.163413	0.0515399	-0.01939	-1.28587	0.100656	-0.0251683	-0.0977131	-0.11735	-0.0118855
0.211659	0.249642	-0.101516	0.0840569	0.246654	0.262599	0.0419864	0.113629	0.345395	0.16324	-0.282708	0.169797	0.0516172	-0.0216799	-1.30375	0.0918915	-0.0235667	-0.0977567	-0.124347	-0.0226476
0.213495	0.264042	-0.0956439	0.0874563	0.245532	0.265193	0.0452595	0.115	0.368549	0.163869	-0.28637	0.17848	0.0505509	-0.0247326	-1.32758	0.0812729	-0.0223612	-0.0956822	-0.133173	-0.0361952
0.217304	0.275164	-0.0933333	0.0888005	0.246179	0.265602	0.0536904	0.116911	0.3902	0.161344	-0.29295	0.18605	0.0499902	-0.0280732	-1.34771	0.0737652	-0.0231351	-0.0914157	-0.140347	-0.0459117
0.22088	0.2799	-0.0954233	0.0876888	0.248069	0.263921	0.0646193	0.118885	0.403579	0.156408	-0.299364	0.19049	0.0492033	-0.0305764	-1.35846	0.0711389	-0.02525	-0.0855601	-0.143768	-0.0485073
0.221579	0.279147	-0.0977168	0.0860976	0.249233	0.264133	0.068386	0.119544	0.403241	0.15432	-0.300969	0.18965	0.0504263	-0.0321583	-1.35595	0.0700977	-0.0254829	-0.0825627	-0.143746	-0.0450765
0.221624	0.280924	-0.0955801	0.0860566	0.249022	0.267084	0.0662135	0.118894	0.402029	0.155995	-0.299035	0.188747	0.0517047	-0.0327508	-1.35298	0.066571	-0.0238896	-0.0834765	-0.144064	-0.0450434
0.221922	0.282469	-0.0917769	0.0873953	0.247431	0.268074	0.0625561	0.119319	0.404706	0.156392	-0.296865	0.188585	0.0517252	-0.0324907	-1.35257	0.0632434	-0.0241868	-0.0852107	-0.144859	-0.046105
0.222966	0.285736	-0.085164	0.0900996	0.244476	0.270674	0.0580717	0.119054	0.4084	0.156434	-0.293343	0.188443	0.0527287	-0.0331546	-1.35439	0.0577601	-0.0235036	-0.0874822	-0.145844	-0.0483349
0.225468	0.290861	-0.0735698	0.0945609	0.239373	0.274723	0.0507348	0.117374	0.412041	0.15836	-0.287891	0.187334	0.0552055	-0.0343301	-1.35342	0.0464112	-0.0205511	-0.0922778	-0.146618	-0.0528532
0.229121	0.295935	-0.0590533	0.100301	0.232849	0.277281	0.0432434	0.114503	0.416229	0.161247	-0.282305	0.185779	0.0584678	-0.0361752	-1.35145	0.0322914	-0.0173114	-0.0987528	-0.146581	-0.0598298
0.23268	0.300001	-0.0438134	0.106631	0.225771	0.276768	0.0372417	0.111334	0.421202	0.163731	-0.277544	0.184737	0.0618373	-0.0393143	-1.34911	0.0168956	-0.0145776	-0.105361	-0.146355	-0.068287
0.236977	0.305633	-0.0236598	0.114832	0.21663	0.274448	0.0306618	0.108131	0.429664	0.165199	-0.271129	0.183797	0.0648051	-0.0443502	-1.34771	-0.00330623	-0.0123501	-0.112308	-0.14664	-0.0788449
0.241863	0.310337	-0.00131043	0.123575	0.207236	0.271025	0.024201	0.104647	0.437925	0.165346	-0.264937	0.181878	0.0694083	-0.0515472	-1.34564	-0.0251154	-0.0107354	-0.11963	-0.146528	-0.0879457
0.246596	0.314633	0.0223112	0.132047	0.197056	0.266969	0.0189016	0.100687	0.445694	0.164341	-0.258069	0.179532	0.0747643	-0.0603918	-1.34026	-0.0487092	-0.0089181	-0.12622	-0.14636	-0.0964137
0.25053	0.316277	0.0461044	0.139796	0.185484	0.261023	0.0128947	0.0967747	0.450568	0.16222	-0.249614	0.175695	0.0806197	-0.0697806	-1.32907	-0.0731566	-0.00725616	-0.132282	-0.145812	-0.103443
0.253689	0.316101	0.069049	0.146781	0.172846	0.25334	0.00772712	0.092444	0.452305	0.158852	-0.239222	0.170902	0.0869131	-0.0799886	-1.31507	-0.0987076	-0.00517575	-0.137131	-0.144971	-0.109724
0.255939	0.313256	0.089757	0.152858	0.159285	0.244638	0.00461511	0.0871948	0.449756	0.153625	-0.227466	0.165346	0.0940457	-0.0902631	-1.29536	-0.123597	-0.00243535	-0.140301	-0.143347	-0.113743
0.255784	0.310664	0.111363	0.15901	0.143246	0.236507	0.000567557	0.0805243	0.445583	0.148935	-0.212363	0.159936	0.101174	-0.0997434	-1.27368	-0.149672	0.00200317	-0.143446	-0.141969	-0.119071
0.253703	0.31024	0.135342	0.165783	0.124705	0.22983	-0.00463692	0.0721859	0.441495	0.145221	-0.193458	0.15502	0.107824	-0.108832	-1.2539	-0.178065	0.00832806	-0.146854	-0.141063	-0.126863
0.252015	0.310762	0.159649	0.172836	0.106141	0.223438	-0.00913894	0.0639836	0.43934	0.140814	-0.174643	0.150186	0.114384	-0.117964	-1.2342	-0.207719	0.0145018	-0.149638	-0.14022	-0.13495
0.251041	0.313076	0.183494	0.180082	0.0886321	0.218159	-0.0132668	0.0570767	0.440528	0.135522	-0.156684	0.14587	0.120586	-0.127006	-1.21635	-0.238343	0.020165	-0.151183	-0.140149	-0.142967
0.250074	0.317049	0.207416	0.187019	0.0715378	0.214311	-0.0172173	0.0505194	0.443287	0.129808	-0.138593	0.141699	0.126756	-0.136202	-1.19971	-0.269273	0.0258728	-0.151731	-0.140646	-0.151054
0.248426	0.321199	0.231163	0.193699	0.0543489	0.210738	-0.0215066	0.0439252	0.445766	0.123887	-0.119893	0.137065	0.132968	-0.14533	-1.18299	-0.29997	0.031444	-0.151772	-0.140908	-0.158845
0.245838	0.324263	0.253265	0.199343	0.037508	0.207152	-0.0252958	0.0369659	0.445659	0.118003	-0.100786	0.131732	0.139153	-0.154083	-1.1646	-0.328707	0.0369916	-0.151147	-0.14038	-0.165397
0.242102	0.325254	0.271299	0.203923	0.0223961	0.203943	-0.0291929	0.030356	0.442321	0.113276	-0.0829878	0.12615	0.144585	-0.160537	-1.14319	-0.352624	0.0421957	-0.150549	-0.138859	-0.169703
0.237336	0.325083	0.2855	0.207355	0.00936225	0.202144	-0.0331449	0.0238343	0.435957	0.110344	-0.0665798	0.120936	0.149345	-0.165034	-1.12189	-0.371414	0.0475852	-0.150326	-0.136861	-0.172391
0.232234	0.324229	0.296294	0.209858	-0.00148037	0.200459	-0.0364945	0.0180383	0.429699	0.108766	-0.0534105	0.117088	0.153891	-0.168501	-1.1034	-0.386153	0.0526901	-0.150245	-0.135622	-0.174985
0.226782	0.32415	0.306063	0.212117	-0.0113641	0.198664	-0.0395598	0.012782	0.425791	0.107739	-0.0419077	0.114645	0.158035	-0.17182	-1.08937	-0.399051	0.0571274	-0.149882	-0.135502	-0.179072
0.2209	0.324248	0.315196	0.214267	-0.0203956	0.196534	-0.0426558	0.00792855	0.42287	0.107073	-0.031232	0.112909	0.161645	-0.17494	-1.07835	-0.409804	0.0606227	-0.14956	-0.135661	-0.183476
0.214718	0.324654	0.324562	0.216579	-0.0292838	0.194038	-0.0458734	0.00318913	0.421143	0.106509	-0.0209422	0.111738	0.164734	-0.1781	-1.07033	-0.419119	0.0632655	-0.149293	-0.135946	-0.188609
0.208729	0.325068	0.333663	0.218954	-0.0377605	0.191234	-0.0487888	-0.00145044	0.419918	0.10607	-0.0113671	0.111015	0.167384	-0.181331	-1.06506	-0.427031	0.0653416	-0.149138	-0.136094	-0.194155
0.203235	0.325115	0.342267	0.221084	-0.0455016	0.188728	-0.0510706	-0.0062919	0.417878	0.105526	-0.0023926	0.110171	0.169791	-0.184518	-1.06067	-0.433249	0.0670129	-0.149301	-0.135532	-0.198916
0.197745	0.32445	0.349082	0.222795	-0.0520384	0.186608	-0.0533097	-0.0104326	0.415875	0.105351	0.00508152	0.109774	0.171564	-0.186967	-1.05716	-0.436903	0.0680645	-0.149586	-0.135082	-0.203018
0.192921	0.323216	0.353499	0.224255	-0.0566867	0.184853	-0.0556487	-0.0133466	0.414011	0.105866	0.0102642	0.109854	0.172781	-0.188512	-1.05531	-0.438193	0.0686203	-0.150046	-0.134873	-0.206237
0.189322	0.322084	0.356011	0.225624	-0.059315	0.184082	-0.0579787	-0.0155886	0.412003	0.107333	0.0132568	0.110075	0.173893	-0.189206	-1.05481	-0.438306	0.0692026	-0.15107	-0.134576	-0.208589
0.186237	0.321126	0.357622	0.226854	-0.0612085	0.18343	-0.0606709	-0.0168669	0.41101	0.109179	0.0153125	0.110662	0.174225	-0.189229	-1.05577	-0.437691	0.0693967	-0.152279	-0.134674	-0.210885
0.183331	0.320788	0.3593	0.228089	-0.0628454	0.182795	-0.0633922	-0.0178556	0.410757	0.111267	0.0171029	0.11144	0.174324	-0.189093	-1.05652	-0.437726	0.0697222	-0.153425	-0.135069	-0.213436
0.181144	0.320924	0.360666	0.229018	-0.0637246	0.182479	-0.0655135	-0.0185266	0.410774	0.113154	0.0180854	0.111967	0.17451	-0.188948	-1.05679	-0.437919	0.0700601	-0.154411	-0.13539	-0.21527
0.179075	0.322038	0.362122	0.229415	-0.0642795	0.183509	-0.0670184	-0.0193439	0.410804	0.114986	0.0189234	0.112437	0.174882	-0.188999	-1.05619	-0.437902	0.0708496	-0.155004	-0.135867	-0.216646
0.177145	0.323247	0.363343	0.229232	-0.0646456	0.184949	-0.0679676	-0.0199884	0.41067	0.116424	0.0197122	0.112738	0.175175	-0.189252	-1.05506	-0.43774	0.0716563	-0.155129	-0.136433	-0.217408
0.17561	0.32396	0.364093	0.228646	-0.064941	0.186117	-0.0683987	-0.0200705	0.410685	0.116745	0.0202997	0.112858	0.175038	-0.189446	-1.05306	-0.437004	0.0719366	-0.154779	-0.136996	-0.217203
0.174232	0.324159	0.364046	0.227638	-0.0651001	0.186933	-0.0683441	-0.0199154	0.41029	0.116522	0.0210641	0.112932	0.174432	-0.189578	-1.05137	-0.435607	0.0718871	-0.153953	-0.137546	-0.216673
