-0.568038	-0.0846418	-0.201878	-0.0435771	-0.0851815	0.10114	0.00557273
-0.573641	-0.0804825	-0.19994	-0.0416674	-0.0816039	0.101246	0.00169833
-0.578598	-0.076241	-0.196904	-0.0400228	-0.0775338	0.10186	-0.00188902
-0.582495	-0.0733338	-0.193889	-0.0384486	-0.0740086	0.102065	-0.00567015
-0.585576	-0.0722958	-0.191055	-0.0375104	-0.0712398	0.101298	-0.00898489
-0.588262	-0.0728174	-0.188478	-0.0369287	-0.0699665	0.100405	-0.0118162
-0.590528	-0.0741327	-0.185958	-0.0366157	-0.069078	0.0993275	-0.0139998
-0.592317	-0.0758868	-0.183566	-0.0370299	-0.0690413	0.0980687	-0.0153433
-0.59378	-0.0781915	-0.182623	-0.0378569	-0.0704461	0.0967706	-0.0158738
-0.594032	-0.0808617	-0.183474	-0.0389808	-0.0730336	0.094858	-0.0157766
-0.593418	-0.0845807	-0.18631	-0.0407316	-0.0774196	0.0928068	-0.0142599
-0.591905	-0.0892937	-0.190797	-0.0427568	-0.0828988	0.0908753	-0.0111747
-0.588807	-0.0948187	-0.196589	-0.044451	-0.0888004	0.0888115	-0.00704366
-0.58426	-0.100932	-0.203344	-0.0458771	-0.0946839	0.0867663	-0.00194659
-0.579022	-0.107557	-0.211346	-0.0471176	-0.101929	0.0855381	0.00391192
-0.572938	-0.114488	-0.220188	-0.0481449	-0.109378	0.0841621	0.0103444
-0.565877	-0.12103	-0.229455	-0.0486336	-0.115693	0.0820838	0.0165234
-0.558587	-0.126746	-0.238664	-0.0489153	-0.120957	0.080833	0.0233095
-0.55142	-0.131638	-0.247761	-0.0484101	-0.125619	0.0807785	0.0302149
-0.544715	-0.135601	-0.256141	-0.0475203	-0.129484	0.0811949	0.0367048
-0.538623	-0.138797	-0.263435	-0.0465448	-0.132422	0.0822837	0.0431478
-0.533327	-0.141435	-0.269871	-0.0450676	-0.134997	0.0841798	0.0491118
-0.52895	-0.143548	-0.274698	-0.0429906	-0.136607	0.0867679	0.054626
-0.524749	-0.145392	-0.278134	-0.0405284	-0.137933	0.0901529	0.0592438
-0.520984	-0.146662	-0.279763	-0.03859	-0.137885	0.0930888	0.0631177
-0.517757	-0.147825	-0.279817	-0.0374835	-0.136716	0.0947345	0.0659114
-0.515281	-0.149365	-0.278438	-0.0372227	-0.134833	0.0951324	0.0678839
-0.513086	-0.151393	-0.276273	-0.0374684	-0.133354	0.0949001	0.0688573
-0.511635	-0.15367	-0.273015	-0.0379793	-0.13131	0.0937607	0.0689223
-0.510773	-0.156674	-0.269699	-0.0391355	-0.131155	0.0931477	0.0687956
-0.510529	-0.160128	-0.266683	-0.0403634	-0.132886	0.0930409	0.0682516
-0.510839	-0.16436	-0.2648	-0.041359	-0.136677	0.0933816	0.0676241
-0.512516	-0.169151	-0.263978	-0.0416469	-0.142526	0.0948549	0.0673993
-0.514943	-0.174033	-0.263829	-0.041555	-0.14962	0.0968086	0.0674525
-0.51691	-0.179252	-0.264709	-0.0414399	-0.157037	0.0983922	0.0677036
-0.517459	-0.185158	-0.266864	-0.0415308	-0.164955	0.0994564	0.0681481
-0.516486	-0.191595	-0.26947	-0.0416644	-0.172429	0.100028	0.0690447
-0.513636	-0.197501	-0.2722	-0.0414323	-0.178004	0.100127	0.070277
-0.509456	-0.202118	-0.275216	-0.0408684	-0.181846	0.100153	0.0720806
-0.505516	-0.205098	-0.277635	-0.0401698	-0.184219	0.10075	0.0747112
-0.501812	-0.207061	-0.279457	-0.0391748	-0.185527	0.102546	0.0781358
-0.497411	-0.20812	-0.281122	-0.0374815	-0.186639	0.105818	0.0815869
-0.492437	-0.208472	-0.28266	-0.0346743	-0.187042	0.109168	0.0839491
-0.488056	-0.208915	-0.284973	-0.0323801	-0.188654	0.112752	0.0863538
-0.485281	-0.209354	-0.287811	-0.0309047	-0.191126	0.116132	0.0888684
-0.483113	-0.209675	-0.290652	-0.0299689	-0.193052	0.118253	0.0909285
-0.481953	-0.209983	-0.292485	-0.0292833	-0.194107	0.119815	0.0922804
-0.481544	-0.210726	-0.293449	-0.0284558	-0.195935	0.121774	0.0924744
-0.481988	-0.211673	-0.293141	-0.0273241	-0.197378	0.124012	0.091805
-0.483133	-0.21265	-0.291823	-0.0267874	-0.199134	0.126575	0.0908706
-0.484801	-0.213396	-0.289735	-0.0267364	-0.201454	0.129215	0.0892086
-0.486937	-0.213795	-0.28764	-0.0272996	-0.20417	0.131218	0.0869485
-0.489468	-0.213143	-0.285373	-0.0282836	-0.206331	0.13258	0.0843489
-0.492077	-0.211741	-0.283583	-0.0297628	-0.20823	0.133349	0.0818012
-0.49463	-0.209494	-0.282542	-0.031066	-0.20935	0.133593	0.079455
-0.497385	-0.206893	-0.282085	-0.0322219	-0.209608	0.133723	0.0778904
-0.499922	-0.203685	-0.282317	-0.0329289	-0.208703	0.133798	0.0770203
-0.502095	-0.199484	-0.282921	-0.0331437	-0.206537	0.133826	0.0765812
-0.504107	-0.195041	-0.283971	-0.0331801	-0.20389	0.133922	0.0767007
-0.50524	-0.189965	-0.284904	-0.0332479	-0.20041	0.134024	0.0771649
-0.506125	-0.184617	-0.285273	-0.0332093	-0.195808	0.134032	0.0777612
-0.50719	-0.179338	-0.284954	-0.0331258	-0.190349	0.133994	0.0788036
-0.508535	-0.174114	-0.284886	-0.031963	-0.184812	0.134777	0.0801257
-0.509542	-0.168705	-0.28521	-0.030131	-0.179313	0.136005	0.0817008
-0.51055	-0.16361	-0.286113	-0.0284731	-0.17409	0.136962	0.0838484
-0.511473	-0.15867	-0.287633	-0.0269796	-0.169001	0.137084	0.0862501
-0.512493	-0.154314	-0.290104	-0.0255933	-0.164569	0.136477	0.0887632
-0.513516	-0.150652	-0.292802	-0.0241949	-0.161166	0.135905	0.0914641
-0.514655	-0.148202	-0.294622	-0.022571	-0.159558	0.137323	0.0945424
-0.515069	-0.147063	-0.295688	-0.0204938	-0.160409	0.141067	0.0974055
