-0.299292	-0.269503	-0.148545	0.265412	-0.231366	-0.0392417	-0.0468	0.203826	0.17185	-0.0586768	-0.072544	-0.106997	-0.0403831	-0.0283825	0.042154
-0.298629	-0.269801	-0.143695	0.260633	-0.227554	-0.036916	-0.0466729	0.204554	0.169948	-0.0658801	-0.0745084	-0.107637	-0.0385833	-0.0294024	0.0433073
-0.298684	-0.273042	-0.138315	0.257066	-0.221961	-0.0344369	-0.0480524	0.20335	0.167629	-0.0749344	-0.0772239	-0.108756	-0.0353788	-0.0277509	0.0430926
-0.299415	-0.279561	-0.133794	0.253698	-0.215433	-0.0312345	-0.0512462	0.200445	0.164317	-0.0843675	-0.0794207	-0.109057	-0.0314952	-0.0255986	0.041325
-0.298892	-0.290703	-0.129301	0.249435	-0.207188	-0.0272813	-0.0554425	0.195626	0.159886	-0.0938537	-0.0804666	-0.10818	-0.0263262	-0.0232694	0.038046
-0.29628	-0.308922	-0.124284	0.242715	-0.196571	-0.0224116	-0.0611708	0.188215	0.154323	-0.102801	-0.0802862	-0.105236	-0.0191236	-0.0219571	0.0327412
-0.291444	-0.334746	-0.118529	0.233583	-0.182758	-0.017011	-0.0684752	0.177451	0.147355	-0.111114	-0.0788048	-0.100198	-0.00931466	-0.0214341	0.0249405
-0.283091	-0.370654	-0.109971	0.219956	-0.164104	-0.0104703	-0.0774479	0.16254	0.138673	-0.119552	-0.0767488	-0.092851	0.00398227	-0.0213293	0.0145898
-0.271261	-0.420528	-0.0980546	0.200918	-0.139671	-0.0024836	-0.0877436	0.143098	0.127937	-0.1284	-0.0743123	-0.0835305	0.0207214	-0.021879	0.00169516
-0.25375	-0.488328	-0.0803942	0.174169	-0.107307	0.00754814	-0.098524	0.11768	0.113744	-0.138845	-0.0712948	-0.0722159	0.042084	-0.0224836	-0.0138659
-0.229975	-0.579185	-0.0567081	0.137646	-0.0653661	0.0200791	-0.108766	0.0862271	0.094803	-0.151351	-0.0671478	-0.059052	0.068092	-0.0249212	-0.032179
-0.204926	-0.688996	-0.0325298	0.0973009	-0.0182811	0.0341181	-0.119444	0.05064	0.0751306	-0.160522	-0.06046	-0.045419	0.094418	-0.0294139	-0.0523274
-0.173599	-0.813188	-0.00709648	0.0493215	0.0307933	0.0525863	-0.126489	0.0142246	0.0520477	-0.168971	-0.0487326	-0.0304431	0.120913	-0.0383363	-0.0704396
-0.139605	-0.940544	0.0197671	0.00133246	0.0793563	0.0733382	-0.129494	-0.0204057	0.0261137	-0.180169	-0.0339991	-0.0186356	0.146393	-0.0451516	-0.0835847
-0.103779	-1.06793	0.0503221	-0.0484928	0.127553	0.0963464	-0.127427	-0.0525763	-0.00241308	-0.193797	-0.0175718	-0.0112153	0.16924	-0.04991	-0.0911552
-0.0679902	-1.19349	0.0833855	-0.100353	0.173978	0.122042	-0.119915	-0.0815235	-0.0342918	-0.212973	0.00173084	-0.00760906	0.190754	-0.0563658	-0.0930642
-0.0384447	-1.30913	0.11703	-0.151572	0.21596	0.148582	-0.110274	-0.103386	-0.0629013	-0.237592	0.0198758	-0.00656445	0.210693	-0.0693486	-0.0903827
-0.0130788	-1.41097	0.151229	-0.200044	0.25482	0.1734	-0.0982934	-0.119618	-0.0879271	-0.265428	0.0346361	-0.0084167	0.228921	-0.0828947	-0.0843129
0.00682669	-1.49577	0.185488	-0.242771	0.289256	0.196304	-0.0866959	-0.132332	-0.110182	-0.297678	0.0456454	-0.0138725	0.246028	-0.0938745	-0.0768258
0.0241201	-1.56596	0.221177	-0.285641	0.319326	0.219043	-0.0745569	-0.138976	-0.129928	-0.33416	0.0543857	-0.0201511	0.262299	-0.108925	-0.0667098
0.037486	-1.62088	0.255314	-0.325679	0.344438	0.24067	-0.0630475	-0.1411	-0.147913	-0.373449	0.0604528	-0.0271801	0.276826	-0.125134	-0.0559775
0.0452172	-1.66622	0.285083	-0.359854	0.364172	0.260528	-0.0532912	-0.140843	-0.164184	-0.412696	0.0662293	-0.0341917	0.290293	-0.141909	-0.0457921
0.0491011	-1.70276	0.310786	-0.390135	0.379948	0.279805	-0.0464858	-0.138307	-0.178589	-0.449969	0.0719624	-0.04111	0.301451	-0.158862	-0.0371801
0.044389	-1.73433	0.329747	-0.411255	0.390671	0.295738	-0.0441368	-0.133824	-0.189002	-0.483719	0.0773412	-0.0482648	0.310693	-0.175487	-0.0304134
0.0385092	-1.75408	0.346755	-0.430789	0.398341	0.310399	-0.0426002	-0.126544	-0.201245	-0.520397	0.0813463	-0.0542373	0.320646	-0.192475	-0.0240274
0.0296995	-1.75866	0.361007	-0.444546	0.402484	0.320309	-0.0441867	-0.117786	-0.208152	-0.553466	0.0813396	-0.0587089	0.329673	-0.20667	-0.0202335
0.0190256	-1.75587	0.372391	-0.453148	0.406172	0.327542	-0.0491094	-0.110012	-0.213019	-0.583614	0.0804715	-0.063455	0.338527	-0.215985	-0.0190387
0.00704091	-1.73983	0.381218	-0.457581	0.407867	0.332952	-0.056239	-0.101329	-0.218633	-0.614161	0.0770811	-0.0669862	0.346594	-0.222007	-0.0210729
-0.00671885	-1.72313	0.386097	-0.456268	0.404581	0.335485	-0.0619251	-0.0930601	-0.221101	-0.640957	0.0761323	-0.0693253	0.354041	-0.229339	-0.022687
-0.025733	-1.7034	0.3846	-0.453469	0.398202	0.338661	-0.0693854	-0.082418	-0.221146	-0.666636	0.0780943	-0.0695602	0.359827	-0.2447	-0.0243092
-0.0505448	-1.68046	0.381021	-0.45134	0.383997	0.341499	-0.0757079	-0.0663828	-0.212574	-0.688839	0.0806619	-0.067758	0.363393	-0.273071	-0.0203662
-0.0766251	-1.65874	0.37548	-0.451752	0.365199	0.342823	-0.0781696	-0.0462658	-0.199908	-0.702721	0.0824839	-0.0654637	0.362257	-0.306736	-0.0124755
-0.0966942	-1.64112	0.371364	-0.453849	0.348228	0.342936	-0.0773457	-0.0293078	-0.190009	-0.710959	0.0834337	-0.065682	0.3602	-0.333694	-0.00234267
-0.10124	-1.62386	0.37421	-0.457096	0.341148	0.340927	-0.0741083	-0.0222385	-0.18286	-0.714981	0.0795258	-0.0693906	0.360646	-0.343294	0.00619082
-0.0901981	-1.61264	0.384571	-0.46047	0.34404	0.336653	-0.0700541	-0.0275987	-0.178618	-0.712863	0.0749394	-0.0722323	0.367101	-0.337066	0.00971517
-0.0767274	-1.62211	0.391797	-0.454075	0.344214	0.33161	-0.0632784	-0.0330992	-0.176254	-0.709793	0.0741858	-0.0757662	0.373838	-0.321755	0.0142412
-0.0696833	-1.63506	0.392062	-0.446371	0.34198	0.327708	-0.0590789	-0.0372971	-0.173652	-0.704434	0.0750984	-0.076398	0.376936	-0.313166	0.0155405
-0.0665116	-1.63636	0.390121	-0.432816	0.335866	0.32249	-0.0562177	-0.0413354	-0.169373	-0.701741	0.0767304	-0.0757863	0.381457	-0.306108	0.0160049
-0.0597994	-1.6332	0.387917	-0.417505	0.32947	0.316682	-0.0521384	-0.0455866	-0.166634	-0.699604	0.0786043	-0.0724029	0.387376	-0.2962	0.0158522
-0.050659	-1.62625	0.384635	-0.400511	0.320136	0.310819	-0.0455565	-0.0466343	-0.165214	-0.698439	0.0800216	-0.0674103	0.392069	-0.284594	0.0166111
-0.0418799	-1.61271	0.377809	-0.379812	0.307655	0.304837	-0.0400299	-0.0480375	-0.163122	-0.695641	0.0831188	-0.0608456	0.395704	-0.272674	0.0159914
-0.0373449	-1.59069	0.366876	-0.35567	0.29139	0.296481	-0.0350957	-0.0489189	-0.156945	-0.68749	0.0858165	-0.0537391	0.396172	-0.262989	0.0145275
-0.0382037	-1.5644	0.350546	-0.325912	0.271473	0.2859	-0.0319236	-0.0487294	-0.149124	-0.675755	0.0884435	-0.0460068	0.39352	-0.252767	0.0117763
-0.0478457	-1.52934	0.328122	-0.289464	0.244282	0.272214	-0.0304033	-0.0425909	-0.135491	-0.660117	0.0896729	-0.0379707	0.386415	-0.245546	0.00928492
-0.0641553	-1.48392	0.302126	-0.249284	0.212447	0.255903	-0.0300621	-0.0325124	-0.117688	-0.642474	0.0885934	-0.0309486	0.376493	-0.239635	0.00731803
-0.0850885	-1.42481	0.274815	-0.205784	0.176003	0.236258	-0.0307248	-0.018479	-0.0944675	-0.621087	0.0840105	-0.0262288	0.363359	-0.234028	0.00725058
-0.10965	-1.34749	0.244512	-0.156733	0.134539	0.214005	-0.0316392	-0.0017639	-0.0677753	-0.596906	0.0768134	-0.0239624	0.346414	-0.224412	0.00761189
-0.135921	-1.26039	0.210866	-0.106599	0.0922859	0.190435	-0.033424	0.0177388	-0.0407138	-0.569834	0.0675467	-0.0228777	0.325564	-0.214853	0.00838357
-0.162003	-1.15936	0.175989	-0.0535246	0.0479494	0.164741	-0.0360484	0.0406494	-0.0122653	-0.542778	0.0556121	-0.0230216	0.303792	-0.203129	0.0107349
-0.181944	-1.05605	0.140259	-0.00206675	0.00432583	0.13927	-0.0393678	0.0618605	0.0159801	-0.508893	0.0454334	-0.0217009	0.281577	-0.189483	0.0120918
-0.200423	-0.954822	0.105095	0.0479814	-0.0382602	0.113089	-0.0426403	0.0830125	0.0432906	-0.473144	0.0350685	-0.0222019	0.25879	-0.176269	0.0148281
-0.216251	-0.850596	0.0721476	0.0996735	-0.0781416	0.0866314	-0.0454888	0.10276	0.0677777	-0.439292	0.0232095	-0.0269598	0.23572	-0.153275	0.0170514
-0.228018	-0.752848	0.0397089	0.146646	-0.117822	0.0616633	-0.0465731	0.12274	0.0906617	-0.402425	0.0142515	-0.0306144	0.212724	-0.134633	0.0201791
-0.24478	-0.656944	0.00359965	0.191118	-0.158337	0.0378961	-0.0473063	0.143997	0.113638	-0.361493	0.00719579	-0.0343791	0.185014	-0.123265	0.0228531
-0.256773	-0.568799	-0.0290264	0.228382	-0.195712	0.0162917	-0.0459206	0.164762	0.134415	-0.319141	0.00181402	-0.0371854	0.157597	-0.114407	0.0270507
-0.271157	-0.490732	-0.0634235	0.265894	-0.230665	-0.00412672	-0.0452943	0.182744	0.152595	-0.276153	-0.00346855	-0.0422975	0.128716	-0.103194	0.0286511
-0.283166	-0.423705	-0.096217	0.301771	-0.262361	-0.0234485	-0.044923	0.196933	0.167867	-0.233624	-0.00685378	-0.046777	0.101952	-0.0898751	0.0291435
-0.290645	-0.374323	-0.125072	0.327735	-0.284566	-0.0380395	-0.0440142	0.205874	0.177472	-0.193787	-0.00694762	-0.0489766	0.0777608	-0.0811446	0.0262085
-0.297087	-0.333604	-0.152261	0.351485	-0.304545	-0.0504501	-0.0446187	0.210696	0.18646	-0.15635	-0.00534828	-0.0498635	0.057152	-0.0733352	0.0217735
-0.302029	-0.305273	-0.173766	0.368841	-0.316439	-0.0598694	-0.0467698	0.211528	0.194818	-0.122974	-0.00568386	-0.0510726	0.0401429	-0.065713	0.0162704
-0.307473	-0.28373	-0.192653	0.382922	-0.325039	-0.0685625	-0.0503742	0.210329	0.202996	-0.090475	-0.00715952	-0.0518713	0.0250604	-0.0591938	0.0106335
-0.307945	-0.264553	-0.204931	0.390549	-0.329518	-0.0738889	-0.0514318	0.210721	0.205231	-0.0693128	-0.00913663	-0.0534202	0.014181	-0.0513159	0.00769224
-0.30867	-0.258567	-0.209975	0.391055	-0.326797	-0.0757668	-0.0542991	0.209616	0.203952	-0.0586428	-0.0128659	-0.055732	0.00891499	-0.0458582	0.00458131
-0.308489	-0.260089	-0.20893	0.383645	-0.319973	-0.0735936	-0.0564451	0.209557	0.199043	-0.0588724	-0.0177482	-0.058278	0.00703636	-0.0438187	0.00334548
-0.309398	-0.263853	-0.207309	0.376793	-0.31267	-0.0708362	-0.0585676	0.20906	0.195267	-0.062161	-0.0226772	-0.0612995	0.00584078	-0.0424943	0.00241368
-0.310348	-0.265726	-0.207398	0.375487	-0.307091	-0.0697114	-0.0608195	0.207561	0.193177	-0.0636071	-0.0267989	-0.064636	0.00414305	-0.0383379	0.000906465
-0.311333	-0.264782	-0.208811	0.376427	-0.303843	-0.0690258	-0.0625513	0.206649	0.190978	-0.0640646	-0.0299989	-0.0676762	0.00169465	-0.0328266	-6.36722e-05
-0.312202	-0.266607	-0.209565	0.37625	-0.300125	-0.0678117	-0.0644506	0.205331	0.188423	-0.0649319	-0.0319576	-0.0699929	0.000128517	-0.029307	-0.00176775
-0.313021	-0.268083	-0.209583	0.375231	-0.297782	-0.0665025	-0.0656209	0.204909	0.18657	-0.0667944	-0.0331912	-0.0715685	-0.000675614	-0.0283232	-0.0028739
-0.314306	-0.267996	-0.209945	0.376603	-0.29738	-0.0658341	-0.066507	0.204647	0.184962	-0.0699051	-0.033457	-0.072801	-0.000606556	-0.0269825	-0.00375951
