-0.2936	-0.298136	-0.162317	0.278183	-0.237445	-0.0478051	-0.0491879	0.190592	0.173649	-0.0208892	-0.0605934	-0.0983189	-0.0455805	-0.0191873	0.0292969
-0.294188	-0.297637	-0.162424	0.279323	-0.238352	-0.0481886	-0.0490173	0.190938	0.174209	-0.0211561	-0.0603802	-0.0985339	-0.0453238	-0.019051	0.0296035
-0.294569	-0.297398	-0.162193	0.280093	-0.238836	-0.0484188	-0.0489399	0.191059	0.174471	-0.0218953	-0.0602149	-0.0987161	-0.0447394	-0.018865	0.0298374
-0.293795	-0.296801	-0.160554	0.280161	-0.238426	-0.0482033	-0.04846	0.191214	0.173486	-0.0248916	-0.0603886	-0.0991669	-0.0433041	-0.0176645	0.0303936
-0.292186	-0.295363	-0.156461	0.278552	-0.236774	-0.0472119	-0.0473978	0.192205	0.171435	-0.0317761	-0.0614974	-0.100283	-0.0408557	-0.0161124	0.0319106
-0.291447	-0.292855	-0.14951	0.275607	-0.234039	-0.0454618	-0.0465483	0.194976	0.169961	-0.0441313	-0.0651425	-0.10274	-0.0370227	-0.0146845	0.0347849
-0.293433	-0.295144	-0.14136	0.273555	-0.22955	-0.0429762	-0.0483105	0.196071	0.169006	-0.0599892	-0.0700791	-0.105666	-0.0314145	-0.0124636	0.0364471
-0.2957	-0.307194	-0.132664	0.271729	-0.222247	-0.039198	-0.0524387	0.193235	0.166816	-0.0775743	-0.0735947	-0.107458	-0.0231775	-0.00940109	0.0354265
-0.295178	-0.329065	-0.122973	0.267791	-0.212191	-0.0342554	-0.0578121	0.18657	0.163653	-0.0942287	-0.0747302	-0.106881	-0.0123456	-0.00671677	0.0324294
-0.28978	-0.361157	-0.112562	0.259778	-0.198433	-0.0283942	-0.0650499	0.17537	0.1589	-0.107558	-0.0737608	-0.102914	0.00147972	-0.00450769	0.0267473
-0.27751	-0.405225	-0.0998199	0.242631	-0.178403	-0.0206495	-0.0732249	0.159215	0.151352	-0.117406	-0.0715033	-0.095038	0.0185033	-0.00467852	0.0181026
-0.258494	-0.470322	-0.0823899	0.214434	-0.148099	-0.00987615	-0.0836904	0.135355	0.13968	-0.126086	-0.0678128	-0.0830346	0.0405572	-0.00735701	0.00483572
-0.22891	-0.569587	-0.0572185	0.171771	-0.10321	0.00625485	-0.0947207	0.100241	0.119439	-0.137008	-0.05959	-0.0662624	0.0701499	-0.0128279	-0.0135702
-0.198416	-0.698776	-0.0301155	0.123085	-0.049179	0.0254806	-0.104797	0.0602844	0.0934426	-0.150594	-0.0474064	-0.0501689	0.101305	-0.0211787	-0.0336486
-0.167712	-0.831126	-0.00528864	0.0729951	0.00119356	0.0469834	-0.111565	0.0249533	0.0677725	-0.163139	-0.0337463	-0.0365019	0.127806	-0.0308717	-0.0492447
-0.133226	-0.971004	0.0216566	0.0206154	0.0528385	0.0727742	-0.115643	-0.0122774	0.0368678	-0.179231	-0.0156929	-0.0262825	0.154126	-0.0389202	-0.0628061
-0.095551	-1.11038	0.0526004	-0.0304898	0.105902	0.097013	-0.113549	-0.0495549	0.00248537	-0.194963	0.00278821	-0.0206177	0.177631	-0.0392114	-0.0718939
-0.0572381	-1.2472	0.0852996	-0.0884238	0.158655	0.126051	-0.10707	-0.0823667	-0.0339726	-0.214958	0.0246502	-0.0153775	0.199517	-0.0487095	-0.0766952
-0.0264544	-1.37217	0.119214	-0.144433	0.206386	0.156158	-0.099438	-0.105712	-0.0673394	-0.243164	0.0428853	-0.0146781	0.21917	-0.0626826	-0.0756925
-0.000236521	-1.48421	0.155008	-0.19702	0.251796	0.184478	-0.0900007	-0.125487	-0.0983062	-0.275166	0.0577143	-0.0173634	0.237834	-0.0738438	-0.0717277
0.0170911	-1.56996	0.193398	-0.240494	0.291149	0.210341	-0.0806635	-0.138496	-0.126098	-0.319708	0.067452	-0.025845	0.257171	-0.0814209	-0.0647269
0.02357	-1.63745	0.231163	-0.281358	0.322639	0.235258	-0.0750135	-0.145352	-0.147252	-0.36899	0.0747389	-0.0349556	0.276833	-0.0985633	-0.0575772
0.0238396	-1.68067	0.27001	-0.317767	0.346724	0.257638	-0.0695424	-0.144416	-0.165617	-0.425554	0.0763787	-0.0469491	0.295396	-0.114683	-0.047862
0.0183298	-1.70928	0.30377	-0.345688	0.365438	0.277991	-0.0657258	-0.140632	-0.182559	-0.48277	0.0776214	-0.0597117	0.311315	-0.128768	-0.0397161
0.00803124	-1.73166	0.330124	-0.373842	0.379136	0.29747	-0.0637448	-0.133915	-0.195574	-0.531429	0.0790026	-0.0694643	0.322525	-0.149849	-0.0323206
-0.00563364	-1.73484	0.350284	-0.389948	0.386216	0.311676	-0.063474	-0.124753	-0.208277	-0.581251	0.0795142	-0.0789594	0.3345	-0.164878	-0.0264544
-0.0164533	-1.72855	0.365718	-0.407899	0.389485	0.323553	-0.0625524	-0.112395	-0.218448	-0.623024	0.0781899	-0.0851619	0.343367	-0.181747	-0.020102
-0.0257791	-1.71767	0.375882	-0.423866	0.390328	0.335552	-0.0629762	-0.0997513	-0.229228	-0.659672	0.0777508	-0.0906393	0.34813	-0.196257	-0.0142728
-0.0348456	-1.70067	0.380918	-0.428677	0.388245	0.340926	-0.066027	-0.0897545	-0.23559	-0.685695	0.0776838	-0.0919023	0.354555	-0.20433	-0.0136771
-0.0492585	-1.67929	0.380318	-0.424877	0.38294	0.342965	-0.0716296	-0.0801633	-0.238026	-0.708227	0.0790216	-0.0908277	0.362032	-0.214814	-0.0143837
-0.0673293	-1.65268	0.378668	-0.421243	0.374273	0.34283	-0.0766143	-0.0694476	-0.233516	-0.724949	0.0792786	-0.0890783	0.366967	-0.233078	-0.0138526
-0.0874229	-1.62157	0.377488	-0.424637	0.363505	0.342762	-0.0803978	-0.0546621	-0.222258	-0.735572	0.078181	-0.0890382	0.366847	-0.261809	-0.00948746
-0.11089	-1.5954	0.373523	-0.425947	0.347861	0.341593	-0.0820134	-0.0394697	-0.209218	-0.742538	0.0766155	-0.0919092	0.363708	-0.28986	-0.00208786
-0.127778	-1.58087	0.37099	-0.427865	0.334729	0.341635	-0.0799645	-0.0268049	-0.201336	-0.749529	0.0749756	-0.0957459	0.360282	-0.308813	0.00695707
-0.132012	-1.56968	0.372959	-0.428099	0.327115	0.34061	-0.0752087	-0.0207714	-0.195784	-0.753961	0.0738404	-0.0976106	0.360748	-0.317835	0.0134283
-0.126295	-1.56716	0.376058	-0.416391	0.320669	0.336229	-0.0696679	-0.0226849	-0.192058	-0.758769	0.0750075	-0.0993025	0.368064	-0.310522	0.0184156
-0.118634	-1.56265	0.377957	-0.399478	0.315053	0.329345	-0.0645084	-0.025843	-0.188618	-0.760634	0.071743	-0.0993804	0.373344	-0.294511	0.018956
-0.11466	-1.55578	0.374815	-0.372772	0.303095	0.318797	-0.0602919	-0.0287024	-0.180258	-0.757872	0.0709333	-0.0979799	0.378878	-0.277951	0.0184941
-0.112443	-1.53374	0.36992	-0.343851	0.286286	0.307019	-0.0564864	-0.0286786	-0.168403	-0.755093	0.0692419	-0.0948083	0.383886	-0.264045	0.0178288
-0.117468	-1.50465	0.360256	-0.308073	0.262126	0.293336	-0.0532775	-0.0241133	-0.152018	-0.750805	0.0682923	-0.0906848	0.385989	-0.254464	0.0187389
-0.127314	-1.46612	0.346815	-0.271027	0.233329	0.278827	-0.0501386	-0.0159514	-0.132112	-0.743045	0.0673607	-0.0851837	0.38506	-0.250377	0.0198506
-0.14485	-1.41715	0.326872	-0.228983	0.198992	0.261078	-0.0473925	-0.0034973	-0.108179	-0.730669	0.0646193	-0.0783217	0.379907	-0.250311	0.0210141
-0.169393	-1.35163	0.302782	-0.183756	0.159246	0.241138	-0.0457374	0.0155123	-0.0805871	-0.716936	0.0580525	-0.0730406	0.369672	-0.251674	0.0237877
-0.197668	-1.26799	0.276692	-0.133928	0.113951	0.218534	-0.043021	0.0410461	-0.0506081	-0.703857	0.046663	-0.0706719	0.355026	-0.250197	0.0298133
-0.228703	-1.1746	0.246127	-0.081494	0.0656946	0.195197	-0.0412323	0.0689498	-0.0190048	-0.686096	0.0355051	-0.0686112	0.335773	-0.248933	0.0357442
-0.261503	-1.07407	0.211974	-0.0249893	0.0156125	0.170781	-0.0413894	0.0987283	0.0126809	-0.666399	0.023424	-0.0689405	0.313318	-0.243492	0.0411681
-0.291414	-0.968407	0.175088	0.0386991	-0.0348437	0.143398	-0.0426329	0.127314	0.042522	-0.643518	0.0110291	-0.0714483	0.289557	-0.22738	0.0453912
-0.314822	-0.863003	0.137387	0.0997647	-0.0823541	0.115514	-0.0443963	0.152673	0.0705249	-0.613692	0.000593406	-0.0734388	0.265405	-0.20766	0.04775
-0.331983	-0.759661	0.0989393	0.15947	-0.127633	0.0870736	-0.0469295	0.174601	0.0965822	-0.577621	-0.00811217	-0.0753571	0.241253	-0.183414	0.0484744
-0.340222	-0.660979	0.0593323	0.20797	-0.170277	0.0602549	-0.046888	0.194333	0.119932	-0.529705	-0.0133855	-0.0727907	0.214897	-0.164624	0.0487009
-0.347729	-0.569681	0.017181	0.254045	-0.210178	0.0337587	-0.0473618	0.210818	0.140883	-0.474589	-0.0165531	-0.0712233	0.185578	-0.146044	0.0473297
-0.353139	-0.481004	-0.0253705	0.295868	-0.247624	0.00795321	-0.0481898	0.226307	0.160814	-0.414539	-0.0195455	-0.070342	0.154471	-0.129278	0.0456352
-0.353301	-0.402428	-0.0666019	0.331233	-0.28048	-0.0155335	-0.0490322	0.238196	0.176216	-0.351554	-0.0212419	-0.0680937	0.124166	-0.112614	0.0419554
-0.347943	-0.334153	-0.106659	0.361028	-0.308749	-0.037065	-0.049656	0.244806	0.188213	-0.286096	-0.0191644	-0.063156	0.0965624	-0.097675	0.035617
-0.338278	-0.277737	-0.143573	0.386051	-0.332086	-0.055962	-0.0499645	0.24649	0.196554	-0.222434	-0.0147147	-0.056227	0.0723339	-0.0826138	0.0279021
-0.329489	-0.231297	-0.177042	0.404907	-0.351116	-0.0716741	-0.0502004	0.245814	0.202769	-0.163608	-0.00916792	-0.0487082	0.050432	-0.0725375	0.0198285
-0.322988	-0.19986	-0.205275	0.414416	-0.365801	-0.0818189	-0.0506818	0.245832	0.207965	-0.114925	-0.00278391	-0.0407974	0.0320991	-0.0729486	0.0140767
-0.319373	-0.180404	-0.227014	0.419927	-0.373422	-0.0893644	-0.053713	0.24269	0.213586	-0.0721646	0.0011156	-0.0350588	0.0169993	-0.0747967	0.00799176
-0.311585	-0.168146	-0.236355	0.421215	-0.372839	-0.0938342	-0.0543573	0.239346	0.211803	-0.0509124	0.000828015	-0.0337095	0.0106322	-0.068394	0.00556797
-0.308679	-0.170917	-0.235156	0.415693	-0.361986	-0.0941145	-0.0567593	0.234336	0.209711	-0.045817	-0.003786	-0.0359604	0.0101034	-0.0649216	0.00333988
-0.308853	-0.175171	-0.231121	0.410698	-0.354061	-0.0918532	-0.0588675	0.232376	0.2072	-0.052066	-0.00884494	-0.0387597	0.0117383	-0.0618711	0.00338946
-0.308409	-0.179182	-0.230413	0.412841	-0.352329	-0.0913615	-0.0595411	0.231485	0.205204	-0.0569519	-0.00851157	-0.0399502	0.0139635	-0.059028	0.0032827
-0.312486	-0.173808	-0.233983	0.416722	-0.357011	-0.0924363	-0.0597393	0.23458	0.208437	-0.0556281	-0.00857565	-0.0415777	0.0115311	-0.0614896	0.00480261
-0.312788	-0.168457	-0.234707	0.419045	-0.358923	-0.0935511	-0.0594353	0.236275	0.209619	-0.0556892	-0.00934353	-0.0427326	0.0110467	-0.0608481	0.00548925
-0.314489	-0.165249	-0.234624	0.421684	-0.358718	-0.0941412	-0.0598683	0.236931	0.209841	-0.0576525	-0.0107995	-0.044577	0.0106881	-0.0584182	0.00530285
-0.31732	-0.163916	-0.234501	0.424132	-0.358079	-0.094348	-0.0606832	0.237701	0.209748	-0.060179	-0.0124568	-0.0466734	0.0101142	-0.0559664	0.00512451
-0.320302	-0.162567	-0.234381	0.42551	-0.358098	-0.0941427	-0.0609752	0.239173	0.209811	-0.0617944	-0.0141363	-0.0489829	0.00840196	-0.0545947	0.00579489
-0.322976	-0.162293	-0.234471	0.427116	-0.358054	-0.0938682	-0.0612789	0.239761	0.209202	-0.0636455	-0.0149459	-0.050929	0.00730958	-0.0530458	0.00603899
-0.324521	-0.16377	-0.234149	0.428807	-0.357753	-0.0939761	-0.0611945	0.239512	0.209141	-0.0643639	-0.0153904	-0.0525234	0.00667144	-0.0508963	0.00626213
-0.324789	-0.16739	-0.232882	0.429148	-0.356169	-0.0936654	-0.061592	0.238188	0.208849	-0.0649519	-0.0157961	-0.0533176	0.0070044	-0.0486852	0.00588973
