-0.292877	-0.285389	-0.162019	0.272844	-0.238647	-0.0451861	-0.0459524	0.188535	0.171333	-0.0193494	-0.0555955	-0.0950313	-0.0473831	-0.02552	0.0300318
-0.29276	-0.284265	-0.161806	0.27271	-0.238138	-0.045024	-0.0464853	0.188481	0.170773	-0.020447	-0.0556913	-0.0949816	-0.0466572	-0.0252645	0.030185
-0.29225	-0.283255	-0.161422	0.272362	-0.237309	-0.0447453	-0.0470986	0.188488	0.169756	-0.0221267	-0.0556979	-0.0948029	-0.0454693	-0.0248274	0.0303647
-0.290016	-0.281552	-0.159577	0.270793	-0.235914	-0.0441547	-0.0470785	0.188986	0.168069	-0.0253723	-0.0561701	-0.0947238	-0.0435281	-0.0238265	0.0312223
-0.28713	-0.279319	-0.155579	0.268294	-0.233711	-0.04317	-0.0465394	0.190634	0.166136	-0.0318272	-0.0578388	-0.0954992	-0.0407876	-0.0221884	0.0330748
-0.285182	-0.279236	-0.149743	0.265648	-0.230235	-0.0412382	-0.0470674	0.191971	0.163504	-0.0429774	-0.0607607	-0.0969718	-0.0364685	-0.0195191	0.0346907
-0.285646	-0.28529	-0.143122	0.264042	-0.225239	-0.0382665	-0.0493053	0.191317	0.160413	-0.0582322	-0.0635565	-0.0990101	-0.0302138	-0.0167561	0.0350655
-0.286166	-0.301718	-0.135102	0.260386	-0.217367	-0.0335868	-0.0527372	0.187568	0.15615	-0.0760145	-0.0649442	-0.0997397	-0.0214166	-0.0157333	0.033749
-0.28557	-0.327894	-0.124893	0.253403	-0.206073	-0.0270819	-0.0570053	0.180902	0.150571	-0.0957552	-0.0650025	-0.0991605	-0.010267	-0.0164613	0.0310248
-0.282879	-0.362478	-0.11188	0.241998	-0.191309	-0.0189108	-0.0616611	0.172344	0.143685	-0.117783	-0.0647414	-0.0973574	0.00341232	-0.0191399	0.0274093
-0.277482	-0.408712	-0.0945878	0.225049	-0.170514	-0.00846208	-0.0673192	0.160086	0.133776	-0.144132	-0.0643821	-0.0942761	0.0211534	-0.0226028	0.0219294
-0.268726	-0.474634	-0.0706921	0.198851	-0.140207	0.00545107	-0.0736825	0.14252	0.119358	-0.177162	-0.0636658	-0.0895605	0.0446375	-0.0289227	0.0138825
-0.255481	-0.568443	-0.0408045	0.158741	-0.0978907	0.0246232	-0.0814124	0.117534	0.0990906	-0.213309	-0.0603644	-0.0815902	0.0730596	-0.0422055	0.00116354
-0.240508	-0.679165	-0.00994388	0.113142	-0.0504736	0.048059	-0.0902528	0.089004	0.0757674	-0.249395	-0.0536	-0.0733403	0.101523	-0.0577991	-0.0135856
-0.221004	-0.795738	0.0210757	0.0641786	-0.00296613	0.0753539	-0.0971283	0.0605267	0.0486808	-0.286808	-0.0424661	-0.0652291	0.130331	-0.0742737	-0.0260276
-0.202144	-0.913491	0.053488	0.0146166	0.044517	0.102883	-0.100224	0.0348206	0.0197715	-0.325131	-0.0303228	-0.0616067	0.156135	-0.0897808	-0.0340649
-0.175738	-1.02983	0.0879577	-0.0354908	0.0928546	0.130044	-0.0994415	0.00767998	-0.0128392	-0.35996	-0.0164897	-0.0585607	0.181369	-0.0974337	-0.0402385
-0.144413	-1.15036	0.12572	-0.0903387	0.142621	0.15891	-0.0964721	-0.0202754	-0.0474939	-0.393493	-0.000106616	-0.0559984	0.207471	-0.10662	-0.0450851
-0.118405	-1.25806	0.162869	-0.143045	0.187896	0.186065	-0.0903083	-0.0402447	-0.0783977	-0.429486	0.0129988	-0.0565401	0.229767	-0.118713	-0.045128
-0.0954746	-1.35996	0.199601	-0.193327	0.228141	0.213112	-0.0832603	-0.0563908	-0.10698	-0.467157	0.0260643	-0.0593427	0.251664	-0.132442	-0.041756
-0.0728968	-1.44425	0.237004	-0.238666	0.263174	0.238383	-0.0750518	-0.0670802	-0.135199	-0.509534	0.0378719	-0.0642935	0.273446	-0.143153	-0.0347661
-0.0548138	-1.51504	0.27306	-0.282816	0.291668	0.262208	-0.0664684	-0.0719059	-0.158462	-0.551469	0.0489364	-0.0692891	0.293884	-0.159652	-0.0239796
-0.046074	-1.57415	0.302819	-0.31904	0.315831	0.284657	-0.0617264	-0.0747771	-0.179931	-0.594191	0.0590303	-0.07788	0.311343	-0.172432	-0.0134219
-0.0449227	-1.61479	0.328108	-0.343624	0.330962	0.302387	-0.0582013	-0.0747291	-0.196774	-0.637163	0.0675371	-0.088958	0.32803	-0.181488	-0.00164807
-0.0466273	-1.63477	0.351491	-0.365303	0.340168	0.314885	-0.0542662	-0.0704077	-0.207328	-0.676793	0.0722518	-0.0989794	0.343459	-0.192472	0.0104805
-0.0538184	-1.63884	0.369084	-0.379735	0.342535	0.322831	-0.0536615	-0.0648522	-0.21159	-0.709324	0.0747466	-0.107257	0.356318	-0.204125	0.0197852
-0.0599236	-1.63761	0.382316	-0.389619	0.340381	0.327728	-0.053649	-0.0582801	-0.213396	-0.73499	0.077513	-0.113234	0.367755	-0.214728	0.0272506
-0.0644895	-1.63732	0.392102	-0.396792	0.337187	0.330632	-0.0535256	-0.0520263	-0.213814	-0.752387	0.0804714	-0.116564	0.376647	-0.223499	0.0325932
-0.0662304	-1.63973	0.399666	-0.403789	0.334981	0.331811	-0.0533879	-0.0475712	-0.211743	-0.759744	0.0838277	-0.115663	0.38437	-0.233169	0.0338864
-0.0750687	-1.6317	0.40092	-0.401937	0.327689	0.330674	-0.0561039	-0.0400191	-0.205893	-0.766019	0.0866385	-0.113173	0.390781	-0.244808	0.0346873
-0.0871458	-1.61481	0.398739	-0.397228	0.317373	0.327486	-0.0587324	-0.0320204	-0.197312	-0.770854	0.0876402	-0.108956	0.394746	-0.25925	0.0348748
-0.10039	-1.58747	0.397123	-0.397062	0.307985	0.325812	-0.0610433	-0.0211879	-0.18741	-0.77729	0.0849786	-0.106257	0.395557	-0.276282	0.0378562
-0.109677	-1.56492	0.39857	-0.398853	0.29806	0.322483	-0.0602677	-0.011488	-0.17522	-0.778908	0.0818864	-0.105585	0.395684	-0.292626	0.0430251
-0.117656	-1.54968	0.40025	-0.403611	0.292545	0.321088	-0.0601906	-0.00468084	-0.167901	-0.778611	0.0784321	-0.107019	0.392671	-0.30507	0.045062
-0.123324	-1.5511	0.398355	-0.400122	0.286541	0.321054	-0.0600728	0.00116651	-0.165458	-0.782706	0.0790802	-0.111234	0.390514	-0.308157	0.0484128
-0.127745	-1.54755	0.394922	-0.391875	0.280264	0.318035	-0.0615562	0.00539844	-0.159881	-0.784231	0.0777581	-0.113606	0.38961	-0.308642	0.0487213
-0.130232	-1.54082	0.391884	-0.376946	0.272906	0.311511	-0.0618655	0.00527642	-0.152558	-0.783873	0.0752606	-0.115212	0.39244	-0.302211	0.04806
-0.128068	-1.53494	0.391381	-0.361291	0.26761	0.305941	-0.0601474	0.0039739	-0.147854	-0.785552	0.0716324	-0.115897	0.395903	-0.289118	0.047269
-0.122188	-1.5238	0.392253	-0.3454	0.263039	0.299919	-0.056511	0.00111769	-0.143461	-0.785762	0.0671768	-0.114339	0.399273	-0.273596	0.0460651
-0.11754	-1.51017	0.387845	-0.323984	0.254851	0.293094	-0.0528399	-0.00271175	-0.139114	-0.783896	0.0659866	-0.110718	0.40202	-0.259356	0.0433811
-0.115169	-1.49834	0.378036	-0.302509	0.244055	0.286367	-0.0497929	-0.0056973	-0.133236	-0.774435	0.0667268	-0.103883	0.401311	-0.250541	0.0393148
-0.116845	-1.4818	0.363004	-0.276772	0.229151	0.277492	-0.0474176	-0.00728789	-0.124641	-0.759302	0.0682281	-0.0959344	0.397841	-0.243719	0.0345777
-0.123881	-1.45637	0.343311	-0.247255	0.210705	0.266712	-0.0460755	-0.00748506	-0.114294	-0.741445	0.0692872	-0.0888124	0.39135	-0.237611	0.0295195
-0.137538	-1.41861	0.318605	-0.212871	0.186165	0.253577	-0.0458867	-0.00227716	-0.100942	-0.721988	0.0685127	-0.0817079	0.380934	-0.233421	0.0251795
-0.154939	-1.3697	0.291423	-0.176278	0.157426	0.23904	-0.0455595	0.00715806	-0.0858627	-0.702327	0.0659103	-0.0758849	0.367622	-0.229742	0.0224649
-0.175904	-1.30751	0.262502	-0.136562	0.124481	0.222455	-0.0466476	0.0195016	-0.066451	-0.680406	0.0612712	-0.0716022	0.351913	-0.226115	0.0212234
-0.196567	-1.23773	0.231974	-0.0937337	0.0890437	0.202987	-0.0462453	0.0344887	-0.0457035	-0.655473	0.0544611	-0.0679437	0.333518	-0.218905	0.0217254
-0.215903	-1.164	0.200595	-0.0507987	0.0528475	0.182836	-0.046622	0.0509992	-0.0245141	-0.628607	0.047543	-0.0648576	0.314359	-0.210265	0.0223509
-0.235595	-1.08038	0.167921	-0.00582354	0.0126512	0.160972	-0.0476537	0.0713753	0.000582599	-0.598465	0.0384993	-0.062957	0.29267	-0.201014	0.0246686
-0.25183	-0.99387	0.136548	0.0387234	-0.0260759	0.137745	-0.0489983	0.0911657	0.0265009	-0.564922	0.0288277	-0.0620092	0.270964	-0.188653	0.0274853
-0.268892	-0.899434	0.104065	0.0861029	-0.0656225	0.113637	-0.0509612	0.111324	0.0518876	-0.53166	0.0181801	-0.064315	0.247646	-0.171563	0.0305132
-0.279094	-0.804767	0.0725253	0.133434	-0.10352	0.089867	-0.052664	0.128807	0.0737135	-0.496023	0.00951526	-0.0659359	0.225771	-0.149132	0.0323997
-0.287714	-0.718581	0.0380451	0.177128	-0.139002	0.0666423	-0.053854	0.145631	0.0926824	-0.454536	0.00378944	-0.0651412	0.202303	-0.13162	0.0322328
-0.295533	-0.637481	0.00129915	0.215879	-0.175502	0.045361	-0.0534178	0.16287	0.110446	-0.409643	0.00194313	-0.0616373	0.177377	-0.121488	0.03235
-0.300005	-0.561404	-0.0316042	0.248013	-0.206594	0.0253822	-0.0523537	0.178087	0.125863	-0.365649	0.000139139	-0.0581322	0.154314	-0.113416	0.031599
-0.303955	-0.491112	-0.0634938	0.279384	-0.237758	0.00569188	-0.0503357	0.192067	0.141256	-0.320871	0.000301191	-0.0548473	0.131557	-0.106027	0.031409
-0.307604	-0.425946	-0.0928579	0.309611	-0.264938	-0.0138999	-0.0490437	0.202442	0.155131	-0.277197	-0.000507834	-0.05261	0.110905	-0.0955177	0.0300684
-0.310941	-0.373115	-0.120928	0.335208	-0.289482	-0.0308594	-0.0483363	0.211462	0.167467	-0.234668	0.000350222	-0.0492763	0.0911818	-0.0897369	0.0285878
-0.311804	-0.325672	-0.147531	0.357113	-0.311806	-0.0461446	-0.0471206	0.217394	0.177666	-0.19236	0.00486986	-0.0442498	0.0735153	-0.0872468	0.0262783
-0.311924	-0.284691	-0.169349	0.372895	-0.329535	-0.0587627	-0.0460082	0.222557	0.187364	-0.155494	0.00769713	-0.039811	0.0581052	-0.086342	0.0248975
-0.311032	-0.251368	-0.185173	0.384708	-0.339961	-0.0690734	-0.0464522	0.224161	0.194811	-0.126267	0.0085894	-0.0372144	0.0472988	-0.083601	0.0218779
-0.311689	-0.223549	-0.196778	0.396926	-0.348887	-0.0785201	-0.047956	0.2256	0.202849	-0.104412	0.00742486	-0.0360947	0.0400333	-0.0790148	0.0201116
-0.313692	-0.205074	-0.206212	0.406096	-0.354714	-0.08487	-0.0499817	0.22703	0.207499	-0.0884356	0.00640499	-0.0363002	0.0338092	-0.075129	0.0185029
-0.316266	-0.188536	-0.214646	0.412289	-0.359488	-0.0884668	-0.0507815	0.230128	0.210343	-0.0759697	0.0046852	-0.0383984	0.025668	-0.0709188	0.0179634
-0.318259	-0.179082	-0.218751	0.414902	-0.360537	-0.0890855	-0.0521483	0.231918	0.211068	-0.0702466	0.00152675	-0.0410429	0.0198592	-0.0665633	0.0168047
-0.319723	-0.178497	-0.22078	0.416873	-0.35895	-0.0886003	-0.0543299	0.231032	0.209649	-0.06923	0.000382858	-0.0425515	0.0176519	-0.062969	0.0136573
-0.322495	-0.176852	-0.222455	0.418874	-0.359886	-0.0886456	-0.0549769	0.232722	0.211008	-0.0686686	-0.00120572	-0.0448909	0.0149551	-0.0618703	0.0129697
-0.32226	-0.178367	-0.222252	0.42112	-0.36069	-0.089043	-0.0553748	0.232956	0.211433	-0.0692622	-0.00226612	-0.0459678	0.0150023	-0.0593404	0.0123813
-0.322212	-0.180695	-0.222635	0.424094	-0.362081	-0.089926	-0.0553848	0.232998	0.211735	-0.0695633	-0.00216773	-0.0465889	0.0153926	-0.0570637	0.0122864
-0.32299	-0.182944	-0.222805	0.425096	-0.361455	-0.0903748	-0.05587	0.23297	0.212333	-0.0694514	-0.00297058	-0.0474741	0.0150917	-0.0563464	0.0118383
