-0.296417	-0.293487	-0.164955	0.286053	-0.24407	-0.0512507	-0.0499809	0.193266	0.178784	-0.0188608	-0.0590176	-0.0984249	-0.0437335	-0.0190491	0.0296011
-0.295223	-0.295053	-0.163629	0.283445	-0.242857	-0.0508809	-0.0496653	0.193311	0.17961	-0.0177073	-0.0595246	-0.0977973	-0.0437349	-0.0202144	0.0301956
-0.293559	-0.296847	-0.161484	0.280473	-0.240877	-0.0501181	-0.0495909	0.192826	0.179656	-0.0178949	-0.0603293	-0.0971751	-0.0431248	-0.0206432	0.0304398
-0.290993	-0.29938	-0.158036	0.276128	-0.23778	-0.0486747	-0.0495972	0.192448	0.178222	-0.0208408	-0.0614949	-0.0965241	-0.0412314	-0.0208833	0.0305883
-0.287826	-0.302032	-0.152804	0.269517	-0.233471	-0.0462656	-0.0501451	0.192043	0.176045	-0.0261293	-0.0635891	-0.0955991	-0.0383604	-0.0215865	0.0307152
-0.283161	-0.306509	-0.14518	0.261678	-0.227237	-0.0429369	-0.0511597	0.190739	0.172515	-0.0348678	-0.0662602	-0.0949309	-0.0336844	-0.0208016	0.030473
-0.281668	-0.319616	-0.136667	0.257043	-0.218715	-0.0386688	-0.0547138	0.186036	0.168145	-0.0485639	-0.0680481	-0.0954931	-0.0262921	-0.0177181	0.0282609
-0.279505	-0.345647	-0.125187	0.251378	-0.206147	-0.0327495	-0.0591685	0.177105	0.16145	-0.0674229	-0.0680614	-0.0956922	-0.0147896	-0.0136777	0.0243584
-0.275827	-0.384628	-0.110575	0.241899	-0.189045	-0.0246095	-0.0644064	0.164641	0.151936	-0.0910037	-0.0667171	-0.09469	0.000777185	-0.0112535	0.0191068
-0.268544	-0.43851	-0.0904034	0.224917	-0.165173	-0.0138766	-0.0696713	0.148313	0.137985	-0.121523	-0.0648343	-0.0918686	0.0224018	-0.0114522	0.0126213
-0.258012	-0.513546	-0.0652338	0.195833	-0.131191	0.00102241	-0.0750378	0.127414	0.118892	-0.157524	-0.0613766	-0.0860755	0.0488609	-0.0190146	0.00297017
-0.245968	-0.612238	-0.0378713	0.154324	-0.0891027	0.0211556	-0.0824532	0.102125	0.0979779	-0.193071	-0.0554803	-0.0771504	0.0771593	-0.0367845	-0.0102452
-0.226215	-0.725266	-0.00837015	0.107313	-0.0415333	0.0460318	-0.0907722	0.07097	0.0716973	-0.228848	-0.0447826	-0.0665096	0.108108	-0.0524834	-0.0251905
-0.201297	-0.852148	0.022173	0.057499	0.00933678	0.0742275	-0.0970891	0.0363478	0.0396457	-0.264242	-0.0285173	-0.0570544	0.139595	-0.0666641	-0.0388995
-0.1756	-0.980912	0.0534203	0.00518893	0.0601665	0.1025	-0.0986614	0.00516988	0.00656132	-0.296541	-0.0121886	-0.0511052	0.166089	-0.0789861	-0.04732
-0.141602	-1.11376	0.0885159	-0.055505	0.113399	0.133945	-0.0969879	-0.0272975	-0.0305465	-0.3263	0.00695355	-0.0450329	0.192537	-0.091554	-0.0540976
-0.106765	-1.23484	0.124496	-0.112714	0.163063	0.163718	-0.0917247	-0.054941	-0.0661372	-0.356867	0.0251463	-0.041099	0.217089	-0.102036	-0.0567972
-0.0819818	-1.3422	0.156717	-0.161228	0.207948	0.190342	-0.085355	-0.0772293	-0.0972041	-0.389253	0.0401386	-0.0422185	0.237218	-0.110873	-0.0570709
-0.0603991	-1.43739	0.188616	-0.209834	0.247614	0.218152	-0.0789295	-0.092324	-0.12648	-0.425961	0.0537096	-0.0450363	0.256105	-0.125431	-0.0540476
-0.0420648	-1.51527	0.222154	-0.251004	0.279987	0.242705	-0.0713418	-0.101386	-0.152441	-0.466475	0.064404	-0.0506979	0.274423	-0.136645	-0.0470075
-0.0269876	-1.57909	0.256861	-0.294414	0.310164	0.26769	-0.0624328	-0.104814	-0.176384	-0.510273	0.0731899	-0.0578141	0.29113	-0.152063	-0.0382641
-0.0191816	-1.62537	0.288132	-0.329031	0.333207	0.288556	-0.0566663	-0.106426	-0.195742	-0.552534	0.0793223	-0.0662624	0.306712	-0.164857	-0.0303541
-0.0128916	-1.6635	0.315906	-0.362513	0.350542	0.307117	-0.0497853	-0.105394	-0.212843	-0.590371	0.085839	-0.0737527	0.320825	-0.179463	-0.0211965
-0.0136358	-1.69108	0.33705	-0.389059	0.363633	0.322862	-0.0472731	-0.10354	-0.225685	-0.624234	0.0910096	-0.0822158	0.331428	-0.192899	-0.0138829
-0.0153712	-1.70995	0.354787	-0.408361	0.373502	0.335274	-0.0472044	-0.102705	-0.236304	-0.654969	0.0958335	-0.0910085	0.342662	-0.200804	-0.0083363
-0.0181566	-1.71544	0.369314	-0.420922	0.378632	0.343694	-0.0473955	-0.0988217	-0.245054	-0.684982	0.09863	-0.097914	0.35407	-0.205975	-0.0036026
-0.0271799	-1.70716	0.379046	-0.427954	0.377829	0.348115	-0.0504306	-0.0900004	-0.246492	-0.70923	0.0999467	-0.101226	0.363298	-0.215569	-0.000962696
-0.0399444	-1.68955	0.385083	-0.432872	0.373928	0.351775	-0.0562218	-0.0785467	-0.245544	-0.730434	0.0999251	-0.101808	0.371183	-0.229879	0.00125302
-0.0559487	-1.66407	0.387421	-0.432385	0.364594	0.351522	-0.0610554	-0.0664163	-0.239807	-0.748105	0.0984101	-0.100125	0.376909	-0.248211	0.00330924
-0.0724618	-1.63292	0.388501	-0.436168	0.353816	0.350144	-0.0643497	-0.0526357	-0.22862	-0.758105	0.0950328	-0.0962841	0.379072	-0.273808	0.00702524
-0.0898309	-1.60629	0.387779	-0.440326	0.340084	0.347718	-0.064996	-0.0370253	-0.213966	-0.762103	0.0915707	-0.0938582	0.377573	-0.301885	0.0141364
-0.103238	-1.58666	0.385585	-0.44308	0.327711	0.344667	-0.0644138	-0.0248681	-0.202576	-0.76307	0.0888591	-0.0927117	0.374968	-0.323087	0.0200516
-0.109007	-1.57978	0.383919	-0.444159	0.320714	0.343637	-0.062607	-0.0181276	-0.198726	-0.765037	0.0869618	-0.0946288	0.373136	-0.330969	0.0252256
-0.107436	-1.57841	0.383378	-0.435087	0.315162	0.339683	-0.0596166	-0.0172798	-0.195097	-0.766036	0.0851687	-0.0960006	0.375389	-0.325169	0.0281549
-0.0993015	-1.5729	0.383316	-0.419981	0.310629	0.332789	-0.0564776	-0.0204134	-0.191371	-0.765376	0.0825747	-0.0947432	0.381393	-0.310414	0.0275378
-0.0847427	-1.57188	0.382827	-0.404094	0.30902	0.326261	-0.0520131	-0.0288409	-0.191289	-0.761246	0.0810208	-0.0925731	0.387178	-0.289238	0.0241475
-0.0728415	-1.56559	0.377925	-0.382527	0.302942	0.317264	-0.047479	-0.0371859	-0.187112	-0.750928	0.0805303	-0.0884314	0.390679	-0.268632	0.0199673
-0.068623	-1.55534	0.365329	-0.35501	0.291687	0.307767	-0.045741	-0.0439812	-0.180124	-0.735834	0.0819925	-0.0830521	0.38941	-0.251558	0.0133806
-0.0705031	-1.53263	0.347769	-0.324912	0.275181	0.296422	-0.0455393	-0.046198	-0.169214	-0.717617	0.0822455	-0.0755434	0.384421	-0.240507	0.00692009
-0.0789728	-1.49978	0.324555	-0.287361	0.250935	0.281284	-0.0452268	-0.0436956	-0.155271	-0.697446	0.082413	-0.0675464	0.377489	-0.231388	0.00105794
-0.0977272	-1.44953	0.296766	-0.245188	0.218999	0.263361	-0.0450686	-0.0332246	-0.136013	-0.677029	0.0788887	-0.0607513	0.365948	-0.226332	-0.00216295
-0.122321	-1.38565	0.266659	-0.198903	0.180869	0.243469	-0.0452069	-0.0172503	-0.11259	-0.657204	0.0739466	-0.0553495	0.351732	-0.223453	-0.00303439
-0.147928	-1.30764	0.234702	-0.146683	0.137732	0.220924	-0.0451565	0.00102378	-0.0871275	-0.636293	0.0681138	-0.0517315	0.335923	-0.215626	-0.0028804
-0.17754	-1.21902	0.19868	-0.0892798	0.0915198	0.195869	-0.0467712	0.0221512	-0.058598	-0.612642	0.060358	-0.0500064	0.316782	-0.206831	-0.00195367
-0.205952	-1.12091	0.162889	-0.0324919	0.0436778	0.16998	-0.0495235	0.0461587	-0.0281653	-0.587209	0.04988	-0.0496136	0.295592	-0.196674	0.00021956
-0.229388	-1.01919	0.12698	0.0270891	-0.00413453	0.14149	-0.0521639	0.0693788	0.00229988	-0.556318	0.0390563	-0.0497503	0.274033	-0.180353	0.00259944
-0.251528	-0.91198	0.0896075	0.089265	-0.0515866	0.111655	-0.055776	0.0926236	0.0324555	-0.522008	0.027409	-0.0522991	0.2508	-0.158847	0.00489674
-0.26525	-0.805762	0.0545224	0.146628	-0.0963365	0.0825413	-0.0576744	0.114425	0.0601291	-0.483804	0.0171535	-0.0546148	0.228342	-0.135644	0.00784865
-0.278173	-0.699995	0.0160631	0.200726	-0.141204	0.0541674	-0.058291	0.136155	0.0856846	-0.43995	0.00949533	-0.0560393	0.202604	-0.116925	0.0107847
-0.289136	-0.599197	-0.0235038	0.245618	-0.185083	0.0283849	-0.0562565	0.158547	0.109814	-0.389723	0.00467439	-0.0555945	0.173024	-0.106399	0.0144563
-0.297566	-0.508338	-0.0617417	0.287199	-0.225337	0.00435528	-0.0537321	0.178134	0.130527	-0.338809	0.00214654	-0.0555669	0.143645	-0.094794	0.017059
-0.305289	-0.425946	-0.0981589	0.327282	-0.262058	-0.0187547	-0.0519926	0.194657	0.149086	-0.288783	0.000434682	-0.0560816	0.115858	-0.0812544	0.0181579
-0.311613	-0.360464	-0.132449	0.360101	-0.293068	-0.0382221	-0.0526396	0.204863	0.164521	-0.238258	0.000676737	-0.0538757	0.091194	-0.0713042	0.0154044
-0.315209	-0.310133	-0.161111	0.381323	-0.315257	-0.0527082	-0.0531371	0.211271	0.175924	-0.192722	0.00412002	-0.0485744	0.0705824	-0.0700008	0.0114378
-0.318361	-0.268844	-0.184395	0.397298	-0.331687	-0.0641447	-0.0535356	0.21574	0.18353	-0.155642	0.00701196	-0.0450854	0.0531099	-0.0683216	0.00811255
-0.320425	-0.234537	-0.200947	0.407322	-0.341043	-0.072231	-0.0537365	0.219096	0.188408	-0.128245	0.00684169	-0.0444532	0.0390232	-0.0650698	0.00595196
-0.321408	-0.207032	-0.212389	0.413614	-0.345936	-0.078768	-0.0551566	0.220986	0.194614	-0.104302	0.00254411	-0.0454833	0.0269526	-0.0601001	0.00459599
-0.323774	-0.187589	-0.22202	0.416853	-0.348591	-0.0828242	-0.0577376	0.222176	0.199863	-0.0838537	-0.00232478	-0.0467835	0.0158109	-0.0572272	0.00337166
-0.323454	-0.179006	-0.226283	0.415061	-0.345593	-0.083254	-0.0594481	0.221859	0.199424	-0.0732893	-0.00655073	-0.0487773	0.00868689	-0.0532611	0.00188447
-0.323847	-0.176484	-0.227002	0.409589	-0.339262	-0.0816717	-0.061495	0.221687	0.196825	-0.0683053	-0.0125247	-0.0520156	0.0028924	-0.0492531	0.00077495
-0.326798	-0.176996	-0.226769	0.405345	-0.33333	-0.0794195	-0.0633433	0.22249	0.193698	-0.0694875	-0.0180869	-0.056649	-0.00116594	-0.0459807	0.000695183
-0.327808	-0.182575	-0.226202	0.403153	-0.328193	-0.0780147	-0.0650977	0.221396	0.191787	-0.0702642	-0.0211856	-0.0596432	-0.00240712	-0.0432065	-0.000375389
-0.32791	-0.186506	-0.225904	0.40291	-0.32613	-0.077241	-0.0661592	0.219945	0.190596	-0.070921	-0.0224652	-0.0614251	-0.00241293	-0.0403638	-0.00137496
-0.326601	-0.191275	-0.225482	0.403003	-0.325031	-0.0766569	-0.0667875	0.218247	0.189668	-0.0710917	-0.022115	-0.0616577	-0.00145957	-0.0385591	-0.00277814
-0.325874	-0.194944	-0.224701	0.402888	-0.324151	-0.0764522	-0.067002	0.217057	0.189646	-0.0715228	-0.0219665	-0.0619031	-0.00045808	-0.0378573	-0.00370989
-0.324134	-0.19761	-0.22277	0.402077	-0.322439	-0.0764491	-0.0666593	0.216214	0.189417	-0.0726835	-0.0222574	-0.06205	0.00100538	-0.0367072	-0.00413982
-0.323374	-0.198861	-0.220919	0.401922	-0.32116	-0.0767188	-0.0664057	0.216138	0.189757	-0.0738561	-0.0231744	-0.0626069	0.0019296	-0.0353171	-0.00377803
-0.323988	-0.200293	-0.219507	0.401989	-0.320152	-0.0767881	-0.0665914	0.216044	0.190329	-0.0748693	-0.0238898	-0.0632544	0.00249399	-0.0345341	-0.00328405
-0.32428	-0.201411	-0.217775	0.402064	-0.319509	-0.0769317	-0.0667051	0.215889	0.191213	-0.0758111	-0.0246232	-0.0637	0.00341542	-0.0337055	-0.00252996
-0.323347	-0.204474	-0.21549	0.401	-0.318407	-0.0765973	-0.0666786	0.215088	0.191519	-0.0769395	-0.024774	-0.063335	0.00494618	-0.0331986	-0.00219511
